Tick,AntId,State,PosX,PosY,PosZ
1,0,Inactive,39.0018,0.1,24.0036
1,1,Inactive,38.9961,0.1,24.2009
1,2,Inactive,38.9964,0.1,24.4017
1,3,Inactive,38.9963,0.1,24.5985
1,4,Inactive,39,0.1,24.8
1,5,Inactive,38.9982,0.1,24.9964
1,6,Inactive,38.996,0.1,25.2002
1,7,Inactive,38.9968,0.1,25.3975
1,8,Inactive,38.9962,0.1,25.5988
1,9,Inactive,38.9981,0.1,25.7965
1,10,Inactive,39.0038,0.1,25.9987
1,11,Inactive,38.996,0.1,26.2003
1,12,Inactive,39,0.1,26.4
1,13,Inactive,38.9962,0.1,26.5986
1,14,Inactive,38.9976,0.1,26.7968
1,15,Inactive,39.1969,0.1,23.9975
1,16,Inactive,39.1961,0.1,24.201
1,17,Inactive,39.2,0.1,24.4
1,18,Inactive,39.1982,0.1,24.6036
1,19,Inactive,39.1969,0.1,24.7975
1,20,Inactive,39.2,0.1,25
1,21,Inactive,39.1966,0.1,25.1979
1,22,Inactive,39.2,0.1,25.4
1,23,Inactive,39.1968,0.1,25.6023
1,24,Inactive,39.2,0.1,25.8
1,25,Inactive,39.2034,0.1,25.9978
1,26,Inactive,39.1972,0.1,26.1972
1,27,Inactive,39.2,0.1,26.4
1,28,Inactive,39.2,0.1,26.6
1,29,Inactive,39.1963,0.1,26.7986
1,30,Inactive,39.3967,0.1,24.0023
1,31,Inactive,39.4,0.1,24.2
1,32,Inactive,39.3969,0.1,24.3975
1,33,Inactive,39.3976,0.1,24.5968
1,34,Inactive,39.4,0.1,24.8
1,35,Inactive,39.4,0.1,25
1,36,Inactive,39.3975,0.1,25.1969
1,37,Inactive,39.4027,0.1,25.397
1,38,Inactive,39.3978,0.1,25.6033
1,39,Inactive,39.4,0.1,25.8
1,40,Inactive,39.4,0.1,26
1,41,Inactive,39.3966,0.1,26.2021
1,42,Inactive,39.4,0.1,26.4
1,43,Inactive,39.3967,0.1,26.5977
1,44,Inactive,39.4,0.1,26.8
1,45,Inactive,39.5962,0.1,24.0012
1,46,Inactive,39.5969,0.1,24.2025
1,47,Inactive,39.6,0.1,24.4
1,48,Inactive,39.6,0.1,24.6
1,49,Inactive,39.6,0.1,24.8
1,50,Inactive,39.6,0.1,25
1,51,Inactive,39.5981,0.1,25.2035
1,52,Inactive,39.6,0.1,25.4
1,53,Inactive,39.5967,0.1,25.5977
1,54,Inactive,39.5971,0.1,25.7972
1,55,Inactive,39.6,0.1,26
1,56,Inactive,39.5974,0.1,26.2031
1,57,Inactive,39.5973,0.1,26.3971
1,58,Inactive,39.6,0.1,26.6
1,59,Inactive,39.5962,0.1,26.8011
1,60,Inactive,39.8,0.1,24
1,61,Inactive,39.7966,0.1,24.2021
1,62,Inactive,39.7973,0.1,24.397
1,63,Inactive,39.8,0.1,24.6
1,64,Inactive,39.8022,0.1,24.7967
1,65,Inactive,39.8,0.1,25
1,66,Inactive,39.7968,0.1,25.2024
1,67,Inactive,39.7965,0.1,25.398
1,68,Inactive,39.8021,0.1,25.5966
1,69,Inactive,39.7966,0.1,25.8021
1,70,Inactive,39.8,0.1,26
1,71,Inactive,39.7967,0.1,26.2022
1,72,Inactive,39.7989,0.1,26.4038
1,73,Inactive,39.8,0.1,26.6
1,74,Inactive,39.8,0.1,26.8
1,75,Inactive,40,0.1,24
1,76,Inactive,39.9967,0.1,24.1977
1,77,Inactive,40,0.1,24.4
1,78,Inactive,39.9987,0.1,24.6038
1,79,Inactive,39.9967,0.1,24.8022
1,80,Inactive,39.9972,0.1,24.9971
1,81,Inactive,39.9981,0.1,25.2035
1,82,Inactive,39.9978,0.1,25.4033
1,83,Inactive,40,0.1,25.6
1,84,Inactive,39.9967,0.1,25.8022
1,85,Inactive,40,0.1,26
1,86,Inactive,40,0.1,26.2
1,87,Inactive,40.0034,0.1,26.398
1,88,Inactive,40,0.1,26.6
1,89,Inactive,39.9967,0.1,26.7978
1,90,Inactive,40.1964,0.1,23.9983
1,91,Inactive,40.2,0.1,24.2
1,92,Inactive,40.2036,0.1,24.4018
1,93,Inactive,40.2,0.1,24.6
1,94,Inactive,40.1969,0.1,24.8026
1,95,Inactive,40.1976,0.1,25.0032
1,96,Inactive,40.2,0.1,25.2
1,97,Inactive,40.1984,0.1,25.3963
1,98,Inactive,40.1966,0.1,25.5978
1,99,Inactive,40.2,0.1,25.8
1,100,Inactive,40.1977,0.1,26.0033
1,101,Inactive,40.2022,0.1,26.1967
1,102,Inactive,40.1985,0.1,26.4037
1,103,Inactive,40.2,0.1,26.6
1,104,Inactive,40.1967,0.1,26.7978
1,105,Inactive,40.3991,0.1,23.9961
1,106,Inactive,40.4021,0.1,24.2034
1,107,Inactive,40.4,0.1,24.4
1,108,Inactive,40.4017,0.1,24.5964
1,109,Inactive,40.3984,0.1,24.8037
1,110,Inactive,40.4,0.1,25
1,111,Inactive,40.3971,0.1,25.2027
1,112,Inactive,40.4,0.1,25.4
1,113,Inactive,40.3974,0.1,25.6031
1,114,Inactive,40.4,0.1,25.8
1,115,Inactive,40.4,0.1,26
1,116,Inactive,40.3964,0.1,26.2018
1,117,Inactive,40.4016,0.1,26.3964
1,118,Inactive,40.3962,0.1,26.5988
1,119,Inactive,40.4,0.1,26.8
1,120,Inactive,40.5967,0.1,24.0023
1,121,Inactive,40.6,0.1,24.2
1,122,Inactive,40.6,0.1,24.4
1,123,Inactive,40.5964,0.1,24.6018
1,124,Inactive,40.5966,0.1,24.7979
1,125,Inactive,40.5983,0.1,25.0036
1,126,Inactive,40.5972,0.1,25.2028
1,127,Inactive,40.5973,0.1,25.397
1,128,Inactive,40.5967,0.1,25.6023
1,129,Inactive,40.6,0.1,25.8
1,130,Inactive,40.5969,0.1,25.9974
1,131,Inactive,40.6,0.1,26.2
1,132,Inactive,40.6,0.1,26.4
1,133,Inactive,40.5962,0.1,26.5988
1,134,Inactive,40.6032,0.1,26.8024
1,135,Inactive,40.7968,0.1,23.9976
1,136,Inactive,40.8,0.1,24.2
1,137,Inactive,40.8,0.1,24.4
1,138,Inactive,40.7962,0.1,24.6013
1,139,Inactive,40.7966,0.1,24.802
1,140,Inactive,40.8,0.1,25
1,141,Inactive,40.7979,0.1,25.1966
1,142,Inactive,40.8038,0.1,25.4014
1,143,Inactive,40.8,0.1,25.6
1,144,Inactive,40.7965,0.1,25.798
1,145,Inactive,40.7963,0.1,25.9985
1,146,Inactive,40.8,0.1,26.2
1,147,Inactive,40.8,0.1,26.4
1,148,Inactive,40.7967,0.1,26.5978
1,149,Inactive,40.8,0.1,26.8
1,150,Inactive,41,0.1,24
1,151,Inactive,41,0.1,24.2
1,152,Inactive,40.998,0.1,24.3965
1,153,Inactive,41.0035,0.1,24.6019
1,154,Inactive,41,0.1,24.8
1,155,Inactive,40.9977,0.1,24.9968
1,156,Inactive,41.0023,0.1,25.2033
1,157,Inactive,40.9962,0.1,25.3987
1,158,Inactive,40.9981,0.1,25.5965
1,159,Inactive,40.9964,0.1,25.8018
1,160,Inactive,40.9964,0.1,26.0017
1,161,Inactive,41,0.1,26.2
1,162,Inactive,40.9971,0.1,26.4027
1,163,Inactive,40.9975,0.1,26.5969
1,164,Inactive,41.0012,0.1,26.8038
1,165,Inactive,41.1978,0.1,23.9967
1,166,Inactive,41.2,0.1,24.2
1,167,Inactive,41.1975,0.1,24.3969
1,168,Inactive,41.2,0.1,24.6
1,169,Inactive,41.2,0.1,24.8
1,170,Inactive,41.1968,0.1,25.0024
1,171,Inactive,41.1965,0.1,25.1981
1,172,Inactive,41.1965,0.1,25.4019
1,173,Inactive,41.202,0.1,25.5966
1,174,Inactive,41.2,0.1,25.8
1,175,Inactive,41.1971,0.1,25.9972
1,176,Inactive,41.202,0.1,26.1965
1,177,Inactive,41.2,0.1,26.4
1,178,Inactive,41.2023,0.1,26.5967
1,179,Inactive,41.2016,0.1,26.7963
1,180,Inactive,41.4,0.1,24
1,181,Inactive,41.398,0.1,24.2034
1,182,Inactive,41.4034,0.1,24.402
1,183,Inactive,41.3963,0.1,24.6015
1,184,Inactive,41.398,0.1,24.8034
1,185,Inactive,41.4,0.1,25
1,186,Inactive,41.3969,0.1,25.2025
1,187,Inactive,41.3965,0.1,25.3981
1,188,Inactive,41.3967,0.1,25.6023
1,189,Inactive,41.4,0.1,25.8
1,190,Inactive,41.397,0.1,25.9973
1,191,Inactive,41.3967,0.1,26.1978
1,192,Inactive,41.4,0.1,26.4
1,193,Inactive,41.4037,0.1,26.6016
1,194,Inactive,41.4025,0.1,26.7969
1,195,Inactive,41.5978,0.1,24.0034
1,196,Inactive,41.6025,0.1,24.2031
1,197,Inactive,41.5983,0.1,24.4036
1,198,Inactive,41.6,0.1,24.6
1,199,Inactive,41.5978,0.1,24.8033
501,0,Inactive,39.9503,0.1,22.3391
501,1,Inactive,38.9391,0.1,23.282
501,2,Inactive,38.4393,0.1,24.4627
501,3,Inactive,38.7198,0.1,25.0645
501,4,Inactive,39.6093,0.1,24.8322
501,5,Inactive,38.5303,0.1,23.1155
501,6,Inactive,37.8167,0.1,24.4424
501,7,Inactive,38.2898,0.1,26.0258
501,8,Inactive,37.9701,0.1,24.6902
501,9,Inactive,39.0753,0.1,26.5418
501,10,Inactive,37.4495,0.1,25.7096
501,11,Inactive,38.228,0.1,26.3613
501,12,Inactive,39.4388,0.1,26.9792
501,13,Inactive,37.7534,0.1,25.8773
501,14,Inactive,37.8166,0.1,26.3372
501,15,Inactive,39.1213,0.1,22.9196
501,16,Inactive,38.7574,0.1,22.4793
501,17,Inactive,38.771,0.1,23.4039
501,18,Inactive,39.4297,0.1,23.6216
501,19,Inactive,38.7012,0.1,24.4987
501,20,Inactive,38.544,0.1,23.9808
501,21,Inactive,38.461,0.1,24.6743
501,22,Inactive,38.7202,0.1,24.9028
501,23,Inactive,38.8385,0.1,25.4267
501,24,Inactive,39.1183,0.1,25.3949
501,25,Inactive,39.2533,0.1,26.6992
501,26,Inactive,38.3249,0.1,26.1369
501,27,Inactive,38.1175,0.1,25.652
501,28,Inactive,38.0015,0.1,26.8268
501,29,Inactive,37.8149,0.1,26.7232
501,30,Inactive,38.8802,0.1,23.7417
501,31,Inactive,38.498,0.1,24.3318
501,32,Inactive,38.7157,0.1,24.7678
501,33,Inactive,39.4435,0.1,24.0878
501,34,Inactive,39.1146,0.1,25.0906
501,35,Inactive,38.8656,0.1,24.9215
501,36,Inactive,37.9014,0.1,25.1262
501,37,Inactive,38.6714,0.1,25.6357
501,38,Inactive,39.4883,0.1,26.0196
501,39,Inactive,38.8555,0.1,26.1187
501,40,Inactive,38.93,0.1,25.9305
501,41,Inactive,39.3429,0.1,26.6503
501,42,Inactive,39.2789,0.1,26.2468
501,43,Inactive,38.1833,0.1,26.9249
501,44,Inactive,39.3715,0.1,27.7319
501,45,Inactive,41.2213,0.1,23.3564
501,46,Inactive,39.0834,0.1,23.6781
501,47,Inactive,39.827,0.1,24.6971
501,48,Inactive,39.3236,0.1,24.4334
501,49,Inactive,39.517,0.1,24.2794
501,50,Inactive,40.2391,0.1,24.7018
501,51,Inactive,40.1191,0.1,25.587
501,52,Inactive,39.6469,0.1,25.3322
501,53,Inactive,39.697,0.1,25.4792
501,54,Inactive,38.5947,0.1,25.3858
501,55,Inactive,39.2362,0.1,25.7027
501,56,Inactive,40.1025,0.1,26.3506
501,57,Inactive,39.9058,0.1,26.403
501,58,Inactive,39.7463,0.1,26.5933
501,59,Inactive,39.5088,0.1,28.0253
501,60,Inactive,39.3895,0.1,23.8471
501,61,Inactive,39.1641,0.1,23.5205
501,62,Inactive,39.7842,0.1,24.199
501,63,Inactive,39.8039,0.1,25.2273
501,64,Inactive,39.0366,0.1,24.2339
501,65,Inactive,39.8091,0.1,24.8976
501,66,Inactive,39.2954,0.1,25.0108
501,67,Inactive,39.5451,0.1,25.6469
501,68,Inactive,39.2127,0.1,25.5558
501,69,Inactive,40.1256,0.1,26.047
501,70,Inactive,39.3277,0.1,25.8896
501,71,Inactive,39.6221,0.1,27.0245
501,72,Inactive,39.6599,0.1,25.855
501,73,Inactive,40.2555,0.1,27.968
501,74,Inactive,39.1224,0.1,28.3185
501,75,Inactive,39.5611,0.1,24.0119
501,76,Inactive,40.0013,0.1,23.9856
501,77,Inactive,40.2628,0.1,23.8131
501,78,Inactive,39.2523,0.1,25.2785
501,79,Inactive,39.9996,0.1,25.1477
501,80,Inactive,39.368,0.1,25.4484
501,81,Inactive,39.4386,0.1,25.0649
501,82,Inactive,40.1323,0.1,26.7669
501,83,Inactive,39.8316,0.1,25.8925
501,84,Inactive,39.7496,0.1,26.8195
501,85,Inactive,40.7663,0.1,27.0351
501,86,Inactive,39.821,0.1,26.1246
501,87,Inactive,38.6756,0.1,27.1141
501,88,Inactive,40.2514,0.1,26.9963
501,89,Inactive,40.048,0.1,25.899
501,90,Inactive,40.1363,0.1,23.1635
501,91,Inactive,40.1914,0.1,24.2192
501,92,Inactive,40.2469,0.1,24.4492
501,93,Inactive,40.362,0.1,24.6028
501,94,Inactive,40.575,0.1,24.8469
501,95,Inactive,39.1322,0.1,24.8425
501,96,Inactive,40.7469,0.1,25.5682
501,97,Inactive,40.0999,0.1,25.1433
501,98,Inactive,40.431,0.1,25.3887
501,99,Inactive,40.547,0.1,25.0552
501,100,Inactive,40.6406,0.1,26.1515
501,101,Inactive,39.602,0.1,27.2131
501,102,Inactive,40.2564,0.1,26.2722
501,103,Inactive,38.9676,0.1,27.1775
501,104,Inactive,40.2895,0.1,27.5889
501,105,Inactive,40.4571,0.1,22.2401
501,106,Inactive,39.7077,0.1,23.0323
501,107,Inactive,40.7377,0.1,24.7686
501,108,Inactive,40.5661,0.1,24.4997
501,109,Inactive,39.8769,0.1,25.0764
501,110,Inactive,40.3905,0.1,24.996
501,111,Inactive,40.8873,0.1,24.8368
501,112,Inactive,41.0491,0.1,25.4766
501,113,Inactive,41.136,0.1,25.6295
501,114,Inactive,40.5859,0.1,25.3228
501,115,Inactive,40.482,0.1,26.9697
501,116,Inactive,40.4487,0.1,25.8235
501,117,Inactive,40.7842,0.1,26.6328
501,118,Inactive,40.2332,0.1,26.4551
501,119,Inactive,39.7539,0.1,27.6734
501,120,Inactive,40.4669,0.1,23.5258
501,121,Inactive,39.6572,0.1,23.6438
501,122,Inactive,40.5846,0.1,23.1913
501,123,Inactive,39.9999,0.1,23.6352
501,124,Inactive,40.6698,0.1,23.823
501,125,Inactive,40.0987,0.1,24.9867
501,126,Inactive,40.2523,0.1,25.3485
501,127,Inactive,41.3591,0.1,25.1164
501,128,Inactive,40.9796,0.1,25.658
501,129,Inactive,40.6731,0.1,25.9736
501,130,Inactive,40.3595,0.1,26.5522
501,131,Inactive,40.0509,0.1,27.2713
501,132,Inactive,40.4277,0.1,28.1079
501,133,Inactive,41.4331,0.1,27.99
501,134,Inactive,41.6957,0.1,28.3661
501,135,Inactive,41.3033,0.1,22.2938
501,136,Inactive,41.77,0.1,24.0377
501,137,Inactive,40.9636,0.1,24.32
501,138,Inactive,40.4646,0.1,24.1941
501,139,Inactive,41.5841,0.1,24.2684
501,140,Inactive,41.5443,0.1,25.731
501,141,Inactive,40.112,0.1,24.8427
501,142,Inactive,41.3458,0.1,25.8043
501,143,Inactive,41.27,0.1,25.3935
501,144,Inactive,40.4204,0.1,25.9748
501,145,Inactive,40.449,0.1,25.5786
501,146,Inactive,40.6201,0.1,27.7012
501,147,Inactive,40.741,0.1,27.2756
501,148,Inactive,41.1546,0.1,27.0762
501,149,Inactive,41.5863,0.1,26.2605
501,150,Inactive,41.9126,0.1,23.1701
501,151,Inactive,40.4921,0.1,23.9275
501,152,Inactive,41.2158,0.1,22.8582
501,153,Inactive,41.0563,0.1,24.6014
501,154,Inactive,40.8052,0.1,24.1226
501,155,Inactive,41.0284,0.1,25.3021
501,156,Inactive,40.7323,0.1,25.2698
501,157,Inactive,42.0407,0.1,24.9423
501,158,Inactive,40.945,0.1,25.7758
501,159,Inactive,40.6716,0.1,25.7647
501,160,Inactive,41.1062,0.1,26.7709
501,161,Inactive,41.775,0.1,27.0197
501,162,Inactive,41.5386,0.1,26.7951
501,163,Inactive,41.3178,0.1,26.9076
501,164,Inactive,42.0565,0.1,27.6169
501,165,Inactive,40.9066,0.1,23.4093
501,166,Inactive,41.5647,0.1,23.189
501,167,Inactive,41.0891,0.1,25.061
501,168,Inactive,42.1797,0.1,24.2697
501,169,Inactive,41.11,0.1,24.7554
501,170,Inactive,40.8487,0.1,25.0566
501,171,Inactive,41.343,0.1,24.4738
501,172,Inactive,41.5183,0.1,24.7008
501,173,Inactive,41.6185,0.1,25.0691
501,174,Inactive,40.8902,0.1,26.0183
501,175,Inactive,42.1795,0.1,25.3539
501,176,Inactive,42.2713,0.1,26.1741
501,177,Inactive,41.2866,0.1,26.4356
501,178,Inactive,41.0219,0.1,27.8675
501,179,Inactive,41.8258,0.1,26.3631
501,180,Inactive,42.0435,0.1,23.0667
501,181,Inactive,42.2566,0.1,22.9515
501,182,Inactive,42.0297,0.1,23.5133
501,183,Inactive,41.657,0.1,24.6927
501,184,Inactive,42.2347,0.1,23.8587
501,185,Inactive,42.2234,0.1,24.905
501,186,Inactive,42.0212,0.1,24.6934
501,187,Inactive,41.8853,0.1,26.098
501,188,Inactive,41.7854,0.1,25.7793
501,189,Inactive,42.1965,0.1,26.8052
501,190,Inactive,41.6157,0.1,25.2699
501,191,Inactive,42.0069,0.1,27.1489
501,192,Inactive,41.9882,0.1,25.7455
501,193,Inactive,41.5507,0.1,25.964
501,194,Inactive,41.573,0.1,27.6132
501,195,Inactive,41.9614,0.1,22.6211
501,196,Inactive,41.9871,0.1,25.2375
501,197,Inactive,41.9014,0.1,24.5001
501,198,Inactive,42.315,0.1,23.5751
501,199,Inactive,41.1544,0.1,25.9763
1001,0,Inactive,40.1385,0.1,22.9329
1001,1,Inactive,38.6202,0.1,22.0844
1001,2,Inactive,37.6484,0.1,24.9645
1001,3,Inactive,38.3002,0.1,24.1946
1001,4,Inactive,40.3132,0.1,24.3309
1001,5,Inactive,38.2297,0.1,21.551
1001,6,Inactive,38.5068,0.1,23.4305
1001,7,Inactive,38.2525,0.1,26.0429
1001,8,Inactive,38.2918,0.1,24.7268
1001,9,Inactive,39.1469,0.1,26.974
1001,10,Inactive,38.5532,0.1,25.1756
1001,11,Inactive,38.4062,0.1,25.9517
1001,12,Inactive,38.9669,0.1,27.8058
1001,13,Inactive,37.5242,0.1,25.1033
1001,14,Inactive,37.6778,0.1,27.3248
1001,15,Inactive,38.2791,0.1,23.7106
1001,16,Inactive,37.9239,0.1,22.1773
1001,17,Inactive,37.981,0.1,23.4563
1001,18,Inactive,39.2353,0.1,23.7828
1001,19,Inactive,38.9344,0.1,25.1551
1001,20,Inactive,37.9115,0.1,23.7687
1001,21,Inactive,38.8573,0.1,24.833
1001,22,Inactive,37.7531,0.1,25.153
1001,23,Inactive,39.4657,0.1,26.0674
1001,24,Inactive,38.5903,0.1,25.5027
1001,25,Inactive,38.2408,0.1,28.082
1001,26,Inactive,38.8319,0.1,26.597
1001,27,Inactive,38.071,0.1,25.1969
1001,28,Inactive,37.834,0.1,28.1094
1001,29,Inactive,37.9868,0.1,26.1056
1001,30,Inactive,38.0048,0.1,22.4099
1001,31,Inactive,38.4459,0.1,23.1316
1001,32,Inactive,38.6975,0.1,23.8499
1001,33,Inactive,39.4235,0.1,22.5035
1001,34,Inactive,38.672,0.1,24.8316
1001,35,Inactive,38.9253,0.1,24.0478
1001,36,Inactive,38.0824,0.1,25.8201
1001,37,Inactive,38.1196,0.1,27.0246
1001,38,Inactive,39.1504,0.1,27.4901
1001,39,Inactive,37.7573,0.1,26.2884
1001,40,Inactive,39.0199,0.1,25.3663
1001,41,Inactive,39.5343,0.1,26.4732
1001,42,Inactive,38.2129,0.1,27.7665
1001,43,Inactive,38.6707,0.1,27.1021
1001,44,Inactive,40.2979,0.1,27.5335
1001,45,Inactive,41.9251,0.1,23.1514
1001,46,Inactive,40.1187,0.1,23.765
1001,47,Inactive,40.5197,0.1,25.7284
1001,48,Inactive,40.0643,0.1,24.0021
1001,49,Inactive,39.0229,0.1,24.4592
1001,50,Inactive,40.8919,0.1,25.2995
1001,51,Inactive,39.59,0.1,26.1992
1001,52,Inactive,40.0599,0.1,25.1519
1001,53,Inactive,39.79,0.1,24.7425
1001,54,Inactive,38.7735,0.1,25.5362
1001,55,Inactive,38.3898,0.1,25.3695
1001,56,Inactive,38.909,0.1,26.1076
1001,57,Inactive,38.8001,0.1,26.333
1001,58,Inactive,38.7953,0.1,27.247
1001,59,Inactive,38.3714,0.1,28.3747
1001,60,Inactive,38.0816,0.1,22.6713
1001,61,Inactive,39.3625,0.1,21.7751
1001,62,Inactive,39.9737,0.1,23.994
1001,63,Inactive,40.0219,0.1,25.6277
1001,64,Inactive,39.9145,0.1,24.9796
1001,65,Inactive,40.671,0.1,24.2605
1001,66,Inactive,37.807,0.1,24.1646
1001,67,Inactive,38.6872,0.1,25.8147
1001,68,Inactive,39.3671,0.1,25.3442
1001,69,Inactive,39.4055,0.1,26.7504
1001,70,Inactive,38.919,0.1,25.9854
1001,71,Inactive,40.8031,0.1,26.7214
1001,72,Inactive,39.2606,0.1,26.5961
1001,73,Inactive,40.1966,0.1,28.5232
1001,74,Inactive,38.3966,0.1,28.4856
1001,75,Inactive,39.8467,0.1,23.0788
1001,76,Inactive,39.3776,0.1,24.0229
1001,77,Inactive,39.9085,0.1,22.351
1001,78,Inactive,38.4993,0.1,24.4305
1001,79,Inactive,40.394,0.1,25.4852
1001,80,Inactive,39.5315,0.1,25.6842
1001,81,Inactive,39.4396,0.1,25.2985
1001,82,Inactive,39.6912,0.1,27.791
1001,83,Inactive,40.3608,0.1,26.676
1001,84,Inactive,38.4576,0.1,26.4302
1001,85,Inactive,41.3224,0.1,27.2517
1001,86,Inactive,39.7815,0.1,25.2029
1001,87,Inactive,37.9066,0.1,27.8526
1001,88,Inactive,40.8955,0.1,27.3757
1001,89,Inactive,40.2695,0.1,25.0367
1001,90,Inactive,38.9577,0.1,23.6712
1001,91,Inactive,39.3808,0.1,23.0442
1001,92,Inactive,40.6022,0.1,22.9228
1001,93,Inactive,40.918,0.1,24.6462
1001,94,Inactive,40.1019,0.1,24.6627
1001,95,Inactive,37.8199,0.1,24.9261
1001,96,Inactive,40.2011,0.1,25.7486
1001,97,Inactive,40.6838,0.1,25.9526
1001,98,Inactive,40.4705,0.1,25.4021
1001,99,Inactive,41.8668,0.1,25.5143
1001,100,Inactive,40.0014,0.1,25.8631
1001,101,Inactive,40.5668,0.1,28.4313
1001,102,Inactive,39.9403,0.1,26.4723
1001,103,Inactive,38.7005,0.1,28.3239
1001,104,Inactive,39.2437,0.1,28.3987
1001,105,Inactive,39.0079,0.1,21.5583
1001,106,Inactive,38.6727,0.1,21.7645
1001,107,Inactive,41.8859,0.1,23.8117
1001,108,Inactive,39.9488,0.1,24.3909
1001,109,Inactive,38.6362,0.1,25.0424
1001,110,Inactive,39.2885,0.1,24.6552
1001,111,Inactive,40.3341,0.1,24.1624
1001,112,Inactive,41.1236,0.1,25.8691
1001,113,Inactive,42.21,0.1,27.0673
1001,114,Inactive,40.7786,0.1,26.1557
1001,115,Inactive,41.1532,0.1,26.5992
1001,116,Inactive,40.0603,0.1,27.2238
1001,117,Inactive,40.6092,0.1,25.5444
1001,118,Inactive,40.4943,0.1,26.7447
1001,119,Inactive,39.7779,0.1,26.0436
1001,120,Inactive,39.2482,0.1,22.0309
1001,121,Inactive,38.9557,0.1,23.854
1001,122,Inactive,40.8692,0.1,21.6343
1001,123,Inactive,39.4003,0.1,24.248
1001,124,Inactive,41.5505,0.1,22.3581
1001,125,Inactive,39.161,0.1,24.8853
1001,126,Inactive,39.6162,0.1,25.898
1001,127,Inactive,40.8415,0.1,25.6891
1001,128,Inactive,40.9826,0.1,26.1265
1001,129,Inactive,40.4374,0.1,26.3287
1001,130,Inactive,39.3507,0.1,27.0212
1001,131,Inactive,39.8118,0.1,27.5468
1001,132,Inactive,39.4848,0.1,28.323
1001,133,Inactive,40.7265,0.1,27.8349
1001,134,Inactive,41.6692,0.1,28.3346
1001,135,Inactive,41.5026,0.1,21.6233
1001,136,Inactive,42.1786,0.1,24.2578
1001,137,Inactive,41.2248,0.1,25.459
1001,138,Inactive,41.6275,0.1,23.1069
1001,139,Inactive,40.9871,0.1,23.9093
1001,140,Inactive,41.5097,0.1,26.3203
1001,141,Inactive,41.141,0.1,23.5305
1001,142,Inactive,42.0763,0.1,26.2032
1001,143,Inactive,40.5684,0.1,25.1884
1001,144,Inactive,40.8529,0.1,25.9671
1001,145,Inactive,39.4102,0.1,26.1723
1001,146,Inactive,41.1648,0.1,27.6786
1001,147,Inactive,40.2887,0.1,26.0999
1001,148,Inactive,41.4518,0.1,26.7102
1001,149,Inactive,41.0695,0.1,25.3445
1001,150,Inactive,41.406,0.1,23.0081
1001,151,Inactive,40.0941,0.1,22.3074
1001,152,Inactive,42.1157,0.1,22.5393
1001,153,Inactive,41.1592,0.1,25.0777
1001,154,Inactive,40.2815,0.1,23.5372
1001,155,Inactive,41.494,0.1,25.9295
1001,156,Inactive,40.6911,0.1,25.0191
1001,157,Inactive,41.6245,0.1,24.6029
1001,158,Inactive,41.6443,0.1,26.5528
1001,159,Inactive,40.4342,0.1,24.5572
1001,160,Inactive,40.3146,0.1,27.2274
1001,161,Inactive,42.1831,0.1,28.2355
1001,162,Inactive,40.7393,0.1,26.5006
1001,163,Inactive,41.7301,0.1,27.7222
1001,164,Inactive,40.7599,0.1,28.3615
1001,165,Inactive,42.2392,0.1,22.7275
1001,166,Inactive,40.1548,0.1,21.9165
1001,167,Inactive,41.1037,0.1,24.5745
1001,168,Inactive,42.0934,0.1,24.4316
1001,169,Inactive,40.6653,0.1,23.8397
1001,170,Inactive,40.4211,0.1,24.9181
1001,171,Inactive,41.3323,0.1,23.6555
1001,172,Inactive,41.3707,0.1,24.8459
1001,173,Inactive,42.2568,0.1,25.4171
1001,174,Inactive,41.5228,0.1,27.6811
1001,175,Inactive,41.9081,0.1,26.6115
1001,176,Inactive,41.9944,0.1,25.2766
1001,177,Inactive,41.448,0.1,26.5854
1001,178,Inactive,41.8526,0.1,28.5058
1001,179,Inactive,42.1572,0.1,26.666
1001,180,Inactive,41.025,0.1,22.6879
1001,181,Inactive,41.8102,0.1,21.5333
1001,182,Inactive,41.3663,0.1,21.757
1001,183,Inactive,42.0335,0.1,24.0119
1001,184,Inactive,41.9407,0.1,23.9173
1001,185,Inactive,41.9516,0.1,26.0522
1001,186,Inactive,41.2234,0.1,24.5601
1001,187,Inactive,41.153,0.1,26.9122
1001,188,Inactive,41.3197,0.1,25.6482
1001,189,Inactive,41.5689,0.1,27.2173
1001,190,Inactive,41.9339,0.1,24.2343
1001,191,Inactive,42.2104,0.1,27.4296
1001,192,Inactive,41.3589,0.1,24.4248
1001,193,Inactive,41.8236,0.1,25.9407
1001,194,Inactive,40.2994,0.1,27.3848
1001,195,Inactive,40.4845,0.1,22.5461
1001,196,Inactive,42.1691,0.1,26.0328
1001,197,Inactive,42.1421,0.1,24.1458
1001,198,Inactive,41.6295,0.1,23.7839
1001,199,Inactive,41.2487,0.1,26.2729
1501,0,Scouting,37.809,0.1,22.6547
1501,1,Inactive,38.3943,0.1,22.6502
1501,2,Inactive,37.8016,0.1,23.7008
1501,3,Inactive,38.1804,0.1,25.0709
1501,4,Inactive,40.0887,0.1,23.3615
1501,5,Scouting,38.505,0.1,23.916
1501,6,Inactive,38.1735,0.1,22.2544
1501,7,Inactive,37.905,0.1,25.9418
1501,8,Scouting,38.1236,0.1,23.7484
1501,9,Inactive,39.4203,0.1,27.4092
1501,10,Inactive,38.4846,0.1,26.2225
1501,11,Inactive,39.1477,0.1,27.1178
1501,12,Inactive,37.9829,0.1,28.3434
1501,13,Inactive,37.7487,0.1,25.1827
1501,14,Inactive,39.251,0.1,27.9508
1501,15,Inactive,39.2543,0.1,24.7912
1501,16,Inactive,38.3273,0.1,21.6605
1501,17,Inactive,37.7811,0.1,23.2817
1501,18,Inactive,38.1244,0.1,24.7061
1501,19,Inactive,38.7057,0.1,24.7736
1501,20,Inactive,38.0936,0.1,22.9778
1501,21,Inactive,38.2492,0.1,25.6683
1501,22,Scouting,34.6359,0.1,23.7688
1501,23,Inactive,39.6393,0.1,26.1931
1501,24,Scouting,38.2975,0.1,26.4499
1501,25,Inactive,39.5835,0.1,28.3611
1501,26,Scouting,39.4778,0.1,24.4732
1501,27,Inactive,38.4165,0.1,25.1877
1501,28,Scouting,38.4347,0.1,27.153
1501,29,Inactive,37.488,0.1,25.5622
1501,30,Scouting,38.4871,0.1,22.5387
1501,31,Inactive,38.0961,0.1,21.745
1501,32,Inactive,39.1689,0.1,23.3712
1501,33,Inactive,38.3452,0.1,21.8509
1501,34,Inactive,38.2356,0.1,23.4455
1501,35,Inactive,38.9974,0.1,23.1149
1501,36,Inactive,38.067,0.1,25.4569
1501,37,Scouting,38.048,0.1,25.6246
1501,38,Inactive,39.3713,0.1,27.1187
1501,39,Inactive,38.6513,0.1,27.6027
1501,40,Inactive,38.1453,0.1,24.1949
1501,41,Inactive,38.5909,0.1,27.0517
1501,42,Inactive,38.1452,0.1,27.2527
1501,43,Inactive,38.0468,0.1,27.5045
1501,44,Inactive,38.8405,0.1,27.0089
1501,45,Inactive,42.1605,0.1,24.5078
1501,46,Inactive,40.3624,0.1,22.9334
1501,47,Inactive,41.0277,0.1,25.6873
1501,48,Inactive,39.8747,0.1,23.277
1501,49,Inactive,38.4198,0.1,23.2901
1501,50,Inactive,40.1011,0.1,24.5922
1501,51,Inactive,39.5933,0.1,26.824
1501,52,Inactive,40.5764,0.1,24.9107
1501,53,Inactive,39.3223,0.1,24.022
1501,54,Inactive,38.401,0.1,25.6027
1501,55,Inactive,37.4889,0.1,25.3349
1501,56,Inactive,39.1589,0.1,26.6868
1501,57,Inactive,37.8135,0.1,26.1595
1501,58,Inactive,37.879,0.1,27.9477
1501,59,Inactive,38.584,0.1,28.1409
1501,60,Inactive,37.7298,0.1,21.6628
1501,61,Inactive,39.927,0.1,22.4006
1501,62,Inactive,39.3697,0.1,23.0965
1501,63,Inactive,39.4209,0.1,25.8333
1501,64,Inactive,40.6117,0.1,24.0303
1501,65,Inactive,41.362,0.1,24.5449
1501,66,Inactive,38.263,0.1,23.9945
1501,67,Inactive,38.4426,0.1,24.8115
1501,68,Inactive,39.2269,0.1,25.9627
1501,69,Inactive,38.3044,0.1,27.1445
1501,70,Inactive,37.9914,0.1,25.8201
1501,71,Inactive,39.8514,0.1,27.9346
1501,72,Inactive,38.0415,0.1,26.5265
1501,73,Inactive,39.2208,0.1,28.2486
1501,74,Inactive,38.8164,0.1,28.4837
1501,75,Inactive,38.7232,0.1,24.0654
1501,76,Inactive,39.8483,0.1,24.4383
1501,77,Inactive,38.9093,0.1,21.5388
1501,78,Inactive,37.8514,0.1,24.372
1501,79,Inactive,40.3062,0.1,26.7388
1501,80,Inactive,39.0254,0.1,27.3622
1501,81,Inactive,40.2624,0.1,25.1936
1501,82,Inactive,38.1892,0.1,28.3984
1501,83,Inactive,39.5983,0.1,26.665
1501,84,Inactive,38.4686,0.1,26.5904
1501,85,Inactive,42.0213,0.1,26.6163
1501,86,Inactive,40.4561,0.1,25.4839
1501,87,Inactive,38.0111,0.1,27.7994
1501,88,Inactive,40.8246,0.1,28.0807
1501,89,Inactive,41.2937,0.1,24.0964
1501,90,Inactive,38.7336,0.1,23.3633
1501,91,Inactive,40.1207,0.1,22.7666
1501,92,Inactive,41.5326,0.1,22.2141
1501,93,Inactive,40.554,0.1,23.4854
1501,94,Inactive,40.787,0.1,24.1921
1501,95,Inactive,38.7059,0.1,25.2767
1501,96,Inactive,40.3455,0.1,25.6761
1501,97,Inactive,40.2155,0.1,27.2496
1501,98,Inactive,40.1899,0.1,26.5069
1501,99,Inactive,42.3349,0.1,23.8249
1501,100,Inactive,38.972,0.1,24.5494
1501,101,Inactive,40.0592,0.1,28.3884
1501,102,Inactive,39.3943,0.1,25.6005
1501,103,Inactive,37.7804,0.1,28.0347
1501,104,Inactive,38.9754,0.1,28.0022
1501,105,Inactive,38.9983,0.1,21.6136
1501,106,Inactive,38.1135,0.1,22.3996
1501,107,Inactive,41.0926,0.1,22.6
1501,108,Inactive,40.1938,0.1,24.3482
1501,109,Inactive,37.5797,0.1,24.4652
1501,110,Inactive,39.6559,0.1,24.4437
1501,111,Inactive,39.8219,0.1,25.0917
1501,112,Inactive,41.5451,0.1,25.5663
1501,113,Inactive,42.194,0.1,28.1331
1501,114,Inactive,41.5392,0.1,26.9266
1501,115,Inactive,42.0902,0.1,26.5288
1501,116,Inactive,39.6956,0.1,28.0531
1501,117,Inactive,39.8406,0.1,25.843
1501,118,Inactive,40.3874,0.1,27.4714
1501,119,Inactive,39.437,0.1,26.516
1501,120,Inactive,38.5993,0.1,22.5562
1501,121,Inactive,38.7209,0.1,24.2479
1501,122,Inactive,40.1058,0.1,22.1286
1501,123,Inactive,39.6794,0.1,23.4085
1501,124,Inactive,41.6042,0.1,23.5937
1501,125,Inactive,37.5059,0.1,24.9882
1501,126,Inactive,38.797,0.1,25.7716
1501,127,Inactive,41.108,0.1,26.66
1501,128,Inactive,41.7096,0.1,26.1286
1501,129,Inactive,40.8484,0.1,27.1222
1501,130,Inactive,39.7901,0.1,27.2937
1501,131,Inactive,39.3143,0.1,28.204
1501,132,Inactive,38.7532,0.1,27.7993
1501,133,Inactive,40.4106,0.1,28.0405
1501,134,Inactive,41.1164,0.1,27.3565
1501,135,Inactive,41.732,0.1,22.5384
1501,136,Inactive,41.7948,0.1,24.1616
1501,137,Inactive,40.5689,0.1,25.2207
1501,138,Inactive,42.0829,0.1,23.5998
1501,139,Inactive,41.5707,0.1,24.3639
1501,140,Inactive,41.3102,0.1,26.5413
1501,141,Inactive,40.6624,0.1,22.7071
1501,142,Inactive,42.252,0.1,26.7964
1501,143,Inactive,39.6544,0.1,25.3256
1501,144,Inactive,40.8184,0.1,25.3425
1501,145,Inactive,39.2925,0.1,26.8326
1501,146,Inactive,42.2756,0.1,27.0024
1501,147,Inactive,39.1145,0.1,26.1529
1501,148,Inactive,40.6056,0.1,27.513
1501,149,Inactive,41.0862,0.1,25.2699
1501,150,Inactive,41.8302,0.1,23.2071
1501,151,Inactive,40.7896,0.1,22.4261
1501,152,Inactive,41.883,0.1,22.7628
1501,153,Inactive,41.0783,0.1,25.9729
1501,154,Inactive,41.3147,0.1,22.8725
1501,155,Inactive,42.0728,0.1,26.0519
1501,156,Inactive,40.9328,0.1,25.2135
1501,157,Inactive,40.9096,0.1,24.1112
1501,158,Inactive,41.7866,0.1,27.1379
1501,159,Inactive,40.5034,0.1,22.7759
1501,160,Inactive,40.2094,0.1,27.8082
1501,161,Inactive,41.3671,0.1,27.1052
1501,162,Inactive,40.7492,0.1,27.9246
1501,163,Inactive,42.06,0.1,28.1575
1501,164,Inactive,41.8651,0.1,27.8891
1501,165,Inactive,41.623,0.1,22.1089
1501,166,Inactive,38.8585,0.1,21.9116
1501,167,Inactive,42.0833,0.1,25.3404
1501,168,Inactive,41.983,0.1,24.8281
1501,169,Inactive,39.0948,0.1,24.278
1501,170,Inactive,40.8256,0.1,24.3536
1501,171,Inactive,41.3293,0.1,25.0902
1501,172,Inactive,41.3952,0.1,25.4213
1501,173,Inactive,41.3491,0.1,25.71
1501,174,Inactive,42.0787,0.1,26.9162
1501,175,Inactive,41.7855,0.1,26.5517
1501,176,Inactive,41.9812,0.1,25.8463
1501,177,Inactive,41.8597,0.1,26.3175
1501,178,Inactive,41.9184,0.1,28.251
1501,179,Inactive,42.105,0.1,27.285
1501,180,Inactive,39.7666,0.1,21.6246
1501,181,Inactive,41.2156,0.1,22.0444
1501,182,Inactive,39.5984,0.1,21.8901
1501,183,Inactive,41.8732,0.1,24.7154
1501,184,Inactive,41.156,0.1,23.597
1501,185,Inactive,41.2774,0.1,26.2708
1501,186,Inactive,41.3783,0.1,24.9104
1501,187,Inactive,41.3726,0.1,27.8602
1501,188,Inactive,41.7411,0.1,25.4699
1501,189,Inactive,40.4444,0.1,26.3043
1501,190,Inactive,42.029,0.1,24.2264
1501,191,Inactive,40.7586,0.1,27.7163
1501,192,Inactive,42.2444,0.1,23.7493
1501,193,Inactive,41.3847,0.1,26.1652
1501,194,Inactive,40.6111,0.1,28.3735
1501,195,Inactive,39.98,0.1,22.82
1501,196,Inactive,41.9736,0.1,25.1809
1501,197,Inactive,42.1426,0.1,25.0348
1501,198,Inactive,42.176,0.1,23.4541
1501,199,Inactive,40.8088,0.1,26.7279
2001,0,Scouting,41.8302,0.1,22.6564
2001,1,Scouting,41.0432,0.1,22.5761
2001,2,Inactive,38.1729,0.1,23.875
2001,3,Scouting,37.0154,0.1,25.0478
2001,4,Inactive,39.0068,0.1,23.4053
2001,5,Scouting,37.0508,0.1,21.2508
2001,6,Scouting,38.6763,0.1,21.8846
2001,7,Scouting,34.6418,0.1,25.1376
2001,8,Scouting,31.4202,0.1,25.904
2001,9,Scouting,39.7354,0.1,27.7786
2001,10,Scouting,41.7268,0.1,25.5303
2001,11,Scouting,42.1638,0.1,27.2775
2001,12,Scouting,39.3413,0.1,28.3389
2001,13,Scouting,37.3506,0.1,24.9459
2001,14,Scouting,40.6266,0.1,24.5772
2001,15,Inactive,40.111,0.1,24.6012
2001,16,Inactive,38.0731,0.1,21.8332
2001,17,Inactive,38.7377,0.1,22.3991
2001,18,Inactive,39.204,0.1,25.532
2001,19,Scouting,40.1944,0.1,26.831
2001,20,Scouting,38.5406,0.1,22.0484
2001,21,Inactive,39.6193,0.1,26.6031
2001,22,Scouting,28.0937,0.1,25.4396
2001,23,Inactive,41.1611,0.1,25.3066
2001,24,Scouting,37.6972,0.1,28.1786
2001,25,Scouting,38.2196,0.1,26.6517
2001,26,Scouting,36.6253,0.1,25.6979
2001,27,Scouting,38.5811,0.1,25.3857
2001,28,Scouting,41.3782,0.1,25.9219
2001,29,Scouting,39.3881,0.1,27.2773
2001,30,Scouting,41.5025,0.1,25.5331
2001,31,Inactive,37.8367,0.1,22.0027
2001,32,Inactive,39.0405,0.1,24.297
2001,33,Scouting,36.4334,0.1,25.3481
2001,34,Scouting,37.0448,0.1,24.8644
2001,35,Scouting,36.0969,0.1,25.301
2001,36,Scouting,39.6453,0.1,28.1605
2001,37,Scouting,33.7206,0.1,22.856
2001,38,Inactive,40.0243,0.1,26.2715
2001,39,Scouting,39.6139,0.1,27.4618
2001,40,Inactive,39.5683,0.1,23.5756
2001,41,Inactive,38.8883,0.1,27.4186
2001,42,Inactive,38.44,0.1,27.1589
2001,43,Inactive,38.0672,0.1,27.2645
2001,44,Inactive,40.2776,0.1,27.0519
2001,45,Inactive,41.4347,0.1,25.3101
2001,46,Inactive,40.6748,0.1,21.6131
2001,47,Inactive,41.7894,0.1,24.9916
2001,48,Inactive,39.2061,0.1,22.8809
2001,49,Inactive,38.3183,0.1,23.3355
2001,50,Inactive,39.8237,0.1,24.5249
2001,51,Inactive,41.2376,0.1,26.7309
2001,52,Inactive,39.7793,0.1,23.685
2001,53,Inactive,38.0518,0.1,24.724
2001,54,Inactive,39.1328,0.1,24.6989
2001,55,Inactive,37.433,0.1,25.6086
2001,56,Inactive,37.9128,0.1,26.7363
2001,57,Inactive,38.0393,0.1,25.6775
2001,58,Inactive,37.8388,0.1,27.6346
2001,59,Inactive,39.4144,0.1,27.6345
2001,60,Inactive,38.8378,0.1,22.1122
2001,61,Inactive,39.4805,0.1,21.723
2001,62,Inactive,39.5848,0.1,22.0265
2001,63,Inactive,39.1702,0.1,26.2246
2001,64,Inactive,41.6194,0.1,23.001
2001,65,Inactive,40.9059,0.1,24.9582
2001,66,Inactive,38.0534,0.1,23.187
2001,67,Inactive,37.8298,0.1,25.4291
2001,68,Inactive,40.293,0.1,25.8589
2001,69,Inactive,37.8009,0.1,26.3508
2001,70,Inactive,37.7004,0.1,26.5863
2001,71,Inactive,38.8932,0.1,27.0412
2001,72,Inactive,38.3018,0.1,27.7792
2001,73,Inactive,39.9252,0.1,28.2022
2001,74,Inactive,40.811,0.1,28.5408
2001,75,Inactive,38.922,0.1,24.4172
2001,76,Inactive,39.7492,0.1,23.1788
2001,77,Inactive,39.4255,0.1,22.0559
2001,78,Inactive,38.0507,0.1,25.1309
2001,79,Inactive,41.1036,0.1,26.2458
2001,80,Inactive,38.907,0.1,28.2815
2001,81,Inactive,39.4962,0.1,26.2902
2001,82,Inactive,39.7694,0.1,28.1558
2001,83,Inactive,39.6949,0.1,25.8613
2001,84,Inactive,38.164,0.1,25.6876
2001,85,Inactive,41.7666,0.1,26.367
2001,86,Inactive,40.1187,0.1,24.7895
2001,87,Inactive,38.87,0.1,28.1012
2001,88,Inactive,41.6695,0.1,28.4351
2001,89,Inactive,41.9692,0.1,23.4163
2001,90,Inactive,39.0794,0.1,22.5262
2001,91,Inactive,40.7103,0.1,24.1532
2001,92,Inactive,42.1078,0.1,22.7952
2001,93,Inactive,39.5325,0.1,23.0424
2001,94,Inactive,41.1502,0.1,24.9678
2001,95,Inactive,39.9211,0.1,26.5504
2001,96,Inactive,40.3739,0.1,26.4816
2001,97,Inactive,39.7274,0.1,27.2755
2001,98,Inactive,40.2875,0.1,27.6565
2001,99,Inactive,41.6745,0.1,22.1239
2001,100,Inactive,39.4645,0.1,25.1894
2001,101,Inactive,40.9615,0.1,28.2633
2001,102,Inactive,38.5733,0.1,24.8968
2001,103,Inactive,38.3009,0.1,28.4182
2001,104,Inactive,39.6905,0.1,28.3975
2001,105,Inactive,40.5143,0.1,22.4681
2001,106,Inactive,38.374,0.1,22.833
2001,107,Inactive,41.1252,0.1,22.9929
2001,108,Inactive,40.9292,0.1,24.6127
2001,109,Inactive,38.0289,0.1,24.3803
2001,110,Inactive,39.0915,0.1,23.5731
2001,111,Inactive,38.7094,0.1,24.9121
2001,112,Inactive,41.8343,0.1,26.1285
2001,113,Inactive,42.1712,0.1,27.8743
2001,114,Inactive,42.0892,0.1,27.0882
2001,115,Inactive,42.3072,0.1,25.57
2001,116,Inactive,40.6035,0.1,28.2018
2001,117,Inactive,40.4761,0.1,25.0717
2001,118,Inactive,41.6156,0.1,27.5199
2001,119,Inactive,39.0537,0.1,26.2028
2001,120,Inactive,39.3388,0.1,22.0428
2001,121,Inactive,38.9142,0.1,24.7477
2001,122,Inactive,41.6163,0.1,21.6128
2001,123,Inactive,40.1558,0.1,22.6853
2001,124,Inactive,41.4201,0.1,23.8706
2001,125,Inactive,37.4608,0.1,25.5024
2001,126,Inactive,37.8503,0.1,25.2228
2001,127,Inactive,41.4458,0.1,26.1845
2001,128,Inactive,41.5426,0.1,26.5466
2001,129,Inactive,41.055,0.1,27.8706
2001,130,Inactive,40.8416,0.1,26.9987
2001,131,Inactive,38.9198,0.1,27.1847
2001,132,Inactive,38.6497,0.1,27.3793
2001,133,Inactive,39.2152,0.1,28.275
2001,134,Inactive,41.0646,0.1,28.3654
2001,135,Inactive,41.3069,0.1,22.4436
2001,136,Inactive,41.3553,0.1,22.9675
2001,137,Inactive,40.9253,0.1,25.4802
2001,138,Inactive,41.6091,0.1,22.5995
2001,139,Inactive,41.4368,0.1,24.2932
2001,140,Inactive,40.5755,0.1,27.1935
2001,141,Inactive,40.2766,0.1,22.9064
2001,142,Inactive,42.3455,0.1,24.827
2001,143,Inactive,39.1599,0.1,25.731
2001,144,Inactive,41.212,0.1,24.875
2001,145,Inactive,39.9017,0.1,26.9797
2001,146,Inactive,41.6953,0.1,26.9528
2001,147,Inactive,39.084,0.1,27.4551
2001,148,Inactive,41.2552,0.1,27.1163
2001,149,Inactive,39.9141,0.1,24.0047
2001,150,Inactive,41.7077,0.1,24.282
2001,151,Inactive,40.2521,0.1,23.1441
2001,152,Inactive,40.8963,0.1,24.1825
2001,153,Inactive,40.5776,0.1,26.1971
2001,154,Inactive,42.2782,0.1,22.4608
2001,155,Inactive,42.2815,0.1,26.04
2001,156,Inactive,40.3654,0.1,24.6166
2001,157,Inactive,40.0484,0.1,23.6238
2001,158,Inactive,42.2619,0.1,26.9054
2001,159,Inactive,40.3833,0.1,23.2877
2001,160,Inactive,40.6993,0.1,26.8368
2001,161,Inactive,41.235,0.1,27.3284
2001,162,Inactive,41.5294,0.1,28.1286
2001,163,Inactive,42.1793,0.1,27.5742
2001,164,Inactive,40.6789,0.1,27.6311
2001,165,Inactive,40.9401,0.1,21.8926
2001,166,Inactive,38.5835,0.1,21.6128
2001,167,Inactive,41.945,0.1,24.5239
2001,168,Inactive,41.3578,0.1,24.6423
2001,169,Inactive,39.399,0.1,24.1019
2001,170,Inactive,40.6124,0.1,25.2452
2001,171,Inactive,40.8198,0.1,25.113
2001,172,Inactive,41.9096,0.1,25.6943
2001,173,Inactive,40.6303,0.1,25.459
2001,174,Inactive,40.9388,0.1,26.6686
2001,175,Inactive,41.3765,0.1,25.6511
2001,176,Inactive,41.8521,0.1,26.285
2001,177,Inactive,41.4507,0.1,26.8636
2001,178,Inactive,41.8013,0.1,28.3619
2001,179,Inactive,41.9649,0.1,28.0959
2001,180,Inactive,38.4704,0.1,21.7389
2001,181,Inactive,40.1874,0.1,21.7613
2001,182,Inactive,39.2943,0.1,22.4944
2001,183,Inactive,41.5749,0.1,24.708
2001,184,Inactive,41.3085,0.1,23.7125
2001,185,Inactive,40.6977,0.1,26.0609
2001,186,Inactive,41.5601,0.1,23.9818
2001,187,Inactive,42.0237,0.1,28.5345
2001,188,Inactive,41.8121,0.1,25.9579
2001,189,Inactive,39.9455,0.1,25.5132
2001,190,Inactive,40.8446,0.1,24.3093
2001,191,Inactive,40.1402,0.1,28.3443
2001,192,Inactive,41.9776,0.1,23.7408
2001,193,Inactive,42.0982,0.1,26.418
2001,194,Inactive,40.5815,0.1,28.3649
2001,195,Inactive,40.5154,0.1,23.9703
2001,196,Inactive,42.279,0.1,25.2791
2001,197,Inactive,42.3067,0.1,23.5529
2001,198,Inactive,41.9827,0.1,21.7456
2001,199,Inactive,42.0249,0.1,26.6515
