Tick,AntId,State,PosX,PosY,PosZ
1,0,Inactive,38.9967,0.1,24.0022
1,1,Inactive,38.9961,0.1,24.1989
1,2,Inactive,39.0032,0.1,24.4025
1,3,Inactive,38.996,0.1,24.6001
1,4,Inactive,38.9976,0.1,24.7968
1,5,Inactive,38.996,0.1,25.0003
1,6,Inactive,39.0032,0.1,25.1976
1,7,Inactive,39,0.1,25.4
1,8,Inactive,38.998,0.1,25.5965
1,9,Inactive,38.9961,0.1,25.801
1,10,Inactive,38.996,0.1,25.9995
1,11,Inactive,39.0028,0.1,26.2029
1,12,Inactive,38.9965,0.1,26.3981
1,13,Inactive,38.9961,0.1,26.6009
1,14,Inactive,38.9961,0.1,26.799
1,15,Inactive,39.2,0.1,24
1,16,Inactive,39.1969,0.1,24.2025
1,17,Inactive,39.1967,0.1,24.3978
1,18,Inactive,39.2024,0.1,24.5968
1,19,Inactive,39.2,0.1,24.8
1,20,Inactive,39.2,0.1,25
1,21,Inactive,39.1964,0.1,25.2017
1,22,Inactive,39.1974,0.1,25.3969
1,23,Inactive,39.2,0.1,25.6
1,24,Inactive,39.2,0.1,25.8
1,25,Inactive,39.202,0.1,25.9965
1,26,Inactive,39.2,0.1,26.2
1,27,Inactive,39.2,0.1,26.4
1,28,Inactive,39.2,0.1,26.6
1,29,Inactive,39.2,0.1,26.8
1,30,Inactive,39.4021,0.1,24.0034
1,31,Inactive,39.4,0.1,24.2
1,32,Inactive,39.4,0.1,24.4
1,33,Inactive,39.4,0.1,24.6
1,34,Inactive,39.3979,0.1,24.8034
1,35,Inactive,39.3968,0.1,25.0024
1,36,Inactive,39.3965,0.1,25.1982
1,37,Inactive,39.3979,0.1,25.4034
1,38,Inactive,39.3963,0.1,25.6014
1,39,Inactive,39.3965,0.1,25.7981
1,40,Inactive,39.3966,0.1,25.9979
1,41,Inactive,39.4,0.1,26.2
1,42,Inactive,39.4,0.1,26.4
1,43,Inactive,39.4,0.1,26.6
1,44,Inactive,39.4,0.1,26.8
1,45,Inactive,39.6,0.1,24
1,46,Inactive,39.6,0.1,24.2
1,47,Inactive,39.6,0.1,24.4
1,48,Inactive,39.5983,0.1,24.6036
1,49,Inactive,39.5994,0.1,24.8039
1,50,Inactive,39.6,0.1,25
1,51,Inactive,39.6,0.1,25.2
1,52,Inactive,39.6,0.1,25.4
1,53,Inactive,39.6,0.1,25.6
1,54,Inactive,39.6,0.1,25.8
1,55,Inactive,39.6,0.1,26
1,56,Inactive,39.6,0.1,26.2
1,57,Inactive,39.6,0.1,26.4
1,58,Inactive,39.6,0.1,26.6
1,59,Inactive,39.6,0.1,26.8
1,60,Inactive,39.8,0.1,24
1,61,Inactive,39.8,0.1,24.2
1,62,Inactive,39.8,0.1,24.4
1,63,Inactive,39.8,0.1,24.6
1,64,Inactive,39.8,0.1,24.8
1,65,Inactive,39.8,0.1,25
1,66,Inactive,39.8,0.1,25.2
1,67,Inactive,39.8,0.1,25.4
1,68,Inactive,39.8,0.1,25.6
1,69,Inactive,39.8,0.1,25.8
1,70,Inactive,39.8,0.1,26
1,71,Inactive,39.8,0.1,26.2
1,72,Inactive,39.8,0.1,26.4
1,73,Inactive,39.8,0.1,26.6
1,74,Inactive,39.8,0.1,26.8
1,75,Inactive,40,0.1,24
1,76,Inactive,40,0.1,24.2
1,77,Inactive,40,0.1,24.4
1,78,Inactive,40,0.1,24.6
1,79,Inactive,40,0.1,24.8
1,80,Inactive,40,0.1,25
1,81,Inactive,40,0.1,25.2
1,82,Inactive,40,0.1,25.4
1,83,Inactive,40,0.1,25.6
1,84,Inactive,40,0.1,25.8
1,85,Inactive,40,0.1,26
1,86,Inactive,40,0.1,26.2
1,87,Inactive,40,0.1,26.4
1,88,Inactive,40,0.1,26.6
1,89,Inactive,40,0.1,26.8
1,90,Inactive,40.2,0.1,24
1,91,Inactive,40.2,0.1,24.2
1,92,Inactive,40.2,0.1,24.4
1,93,Inactive,40.2,0.1,24.6
1,94,Inactive,40.2,0.1,24.8
1,95,Inactive,40.2,0.1,25
1,96,Inactive,40.2,0.1,25.2
1,97,Inactive,40.2,0.1,25.4
1,98,Inactive,40.2,0.1,25.6
1,99,Inactive,40.2,0.1,25.8
1,100,Inactive,40.2,0.1,26
1,101,Inactive,40.2,0.1,26.2
1,102,Inactive,40.2,0.1,26.4
1,103,Inactive,40.2,0.1,26.6
1,104,Inactive,40.2,0.1,26.8
1,105,Inactive,40.4,0.1,24
1,106,Inactive,40.4,0.1,24.2
1,107,Inactive,40.4,0.1,24.4
1,108,Inactive,40.4,0.1,24.6
1,109,Inactive,40.4,0.1,24.8
1,110,Inactive,40.4,0.1,25
1,111,Inactive,40.4,0.1,25.2
1,112,Inactive,40.4,0.1,25.4
1,113,Inactive,40.4,0.1,25.6
1,114,Inactive,40.4,0.1,25.8
1,115,Inactive,40.4,0.1,26
1,116,Inactive,40.4,0.1,26.2
1,117,Inactive,40.4,0.1,26.4
1,118,Inactive,40.4,0.1,26.6
1,119,Inactive,40.4,0.1,26.8
1,120,Inactive,40.6,0.1,24
1,121,Inactive,40.6,0.1,24.2
1,122,Inactive,40.6,0.1,24.4
1,123,Inactive,40.6,0.1,24.6
1,124,Inactive,40.6,0.1,24.8
1,125,Inactive,40.6,0.1,25
1,126,Inactive,40.6,0.1,25.2
1,127,Inactive,40.6,0.1,25.4
1,128,Inactive,40.6,0.1,25.6
1,129,Inactive,40.6,0.1,25.8
1,130,Inactive,40.6,0.1,26
1,131,Inactive,40.6,0.1,26.2
1,132,Inactive,40.6,0.1,26.4
1,133,Inactive,40.6,0.1,26.6
1,134,Inactive,40.6,0.1,26.8
1,135,Inactive,40.8,0.1,24
1,136,Inactive,40.8,0.1,24.2
1,137,Inactive,40.8,0.1,24.4
1,138,Inactive,40.8,0.1,24.6
1,139,Inactive,40.8,0.1,24.8
1,140,Inactive,40.8,0.1,25
1,141,Inactive,40.8,0.1,25.2
1,142,Inactive,40.8,0.1,25.4
1,143,Inactive,40.8,0.1,25.6
1,144,Inactive,40.8,0.1,25.8
1,145,Inactive,40.8,0.1,26
1,146,Inactive,40.8,0.1,26.2
1,147,Inactive,40.8,0.1,26.4
1,148,Inactive,40.8,0.1,26.6
1,149,Inactive,40.8,0.1,26.8
1,150,Inactive,41,0.1,24
1,151,Inactive,41,0.1,24.2
1,152,Inactive,41,0.1,24.4
1,153,Inactive,41,0.1,24.6
1,154,Inactive,41,0.1,24.8
1,155,Inactive,41,0.1,25
1,156,Inactive,41,0.1,25.2
1,157,Inactive,41,0.1,25.4
1,158,Inactive,41,0.1,25.6
1,159,Inactive,41,0.1,25.8
1,160,Inactive,41,0.1,26
1,161,Inactive,41,0.1,26.2
1,162,Inactive,41,0.1,26.4
1,163,Inactive,41,0.1,26.6
1,164,Inactive,41,0.1,26.8
1,165,Inactive,41.2,0.1,24
1,166,Inactive,41.2,0.1,24.2
1,167,Inactive,41.2,0.1,24.4
1,168,Inactive,41.2,0.1,24.6
1,169,Inactive,41.2,0.1,24.8
1,170,Inactive,41.2,0.1,25
1,171,Inactive,41.2,0.1,25.2
1,172,Inactive,41.2,0.1,25.4
1,173,Inactive,41.2,0.1,25.6
1,174,Inactive,41.2,0.1,25.8
1,175,Inactive,41.2,0.1,26
1,176,Inactive,41.2,0.1,26.2
1,177,Inactive,41.2,0.1,26.4
1,178,Inactive,41.2,0.1,26.6
1,179,Inactive,41.2,0.1,26.8
1,180,Inactive,41.4,0.1,24
1,181,Inactive,41.4,0.1,24.2
1,182,Inactive,41.4,0.1,24.4
1,183,Inactive,41.4,0.1,24.6
1,184,Inactive,41.4,0.1,24.8
1,185,Inactive,41.4,0.1,25
1,186,Inactive,41.4,0.1,25.2
1,187,Inactive,41.4,0.1,25.4
1,188,Inactive,41.4,0.1,25.6
1,189,Inactive,41.4,0.1,25.8
1,190,Inactive,41.4,0.1,26
1,191,Inactive,41.4,0.1,26.2
1,192,Inactive,41.4,0.1,26.4
1,193,Inactive,41.4,0.1,26.6
1,194,Inactive,41.4,0.1,26.8
1,195,Inactive,41.6,0.1,24
1,196,Inactive,41.6,0.1,24.2
1,197,Inactive,41.6,0.1,24.4
1,198,Inactive,41.6,0.1,24.6
1,199,Inactive,41.6,0.1,24.8
501,0,Inactive,37.7251,0.1,23.048
501,1,Inactive,38.1293,0.1,23.4102
501,2,Inactive,39.5227,0.1,22.8528
501,3,Inactive,37.9188,0.1,24.8619
501,4,Inactive,38.6024,0.1,25.9995
501,5,Inactive,39.108,0.1,24.7837
501,6,Inactive,37.6103,0.1,25.1859
501,7,Inactive,37.4726,0.1,25.4842
501,8,Inactive,38.09,0.1,25.6096
501,9,Inactive,37.7837,0.1,26.3555
501,10,Inactive,39.423,0.1,25.8445
501,11,Inactive,38.4969,0.1,25.5603
501,12,Inactive,37.8804,0.1,27.2934
501,13,Inactive,38.8758,0.1,27.5631
501,14,Inactive,38.425,0.1,27.4184
501,15,Inactive,38.8784,0.1,22.4927
501,16,Inactive,37.8175,0.1,23.9248
501,17,Inactive,38.0872,0.1,24.5256
501,18,Inactive,38.5608,0.1,24.5729
501,19,Inactive,39.8058,0.1,26.0553
501,20,Inactive,39.396,0.1,24.0157
501,21,Inactive,38.2704,0.1,24.944
501,22,Inactive,38.1977,0.1,26.1971
501,23,Inactive,39.8195,0.1,25.7193
501,24,Inactive,39.3776,0.1,25.627
501,25,Inactive,38.8776,0.1,24.9585
501,26,Inactive,38.6233,0.1,26.7792
501,27,Inactive,39.1078,0.1,26.3167
501,28,Inactive,40.088,0.1,27.663
501,29,Inactive,40.5916,0.1,27.9083
501,30,Inactive,39.8653,0.1,22.8998
501,31,Inactive,40.9117,0.1,24.7113
501,32,Inactive,40.8099,0.1,24.3925
501,33,Inactive,40.0328,0.1,25.6555
501,34,Inactive,39.1219,0.1,24.51
501,35,Inactive,37.873,0.1,25.8102
501,36,Inactive,40.674,0.1,25.658
501,37,Inactive,40.0904,0.1,26.337
501,38,Inactive,38.4622,0.1,26.3031
501,39,Inactive,40.7381,0.1,26.2829
501,40,Inactive,41.038,0.1,25.5073
501,41,Inactive,40.9458,0.1,25.8429
501,42,Inactive,40.5908,0.1,26.2178
501,43,Inactive,39.0014,0.1,28.0915
501,44,Inactive,41.281,0.1,27.0171
501,45,Inactive,40.9937,0.1,23.1606
501,46,Inactive,40.9416,0.1,24.0451
501,47,Inactive,40.5724,0.1,25.644
501,48,Inactive,39.481,0.1,24.9128
501,49,Inactive,41.3521,0.1,24.9663
501,50,Inactive,39.6,0.1,25
501,51,Inactive,39.6,0.1,25.2
501,52,Inactive,39.6,0.1,25.4
501,53,Inactive,39.6,0.1,25.6
501,54,Inactive,39.6,0.1,25.8
501,55,Inactive,39.6,0.1,26
501,56,Inactive,39.6,0.1,26.2
501,57,Inactive,39.6,0.1,26.4
501,58,Inactive,39.6,0.1,26.6
501,59,Inactive,39.6,0.1,26.8
501,60,Inactive,39.8,0.1,24
501,61,Inactive,39.8,0.1,24.2
501,62,Inactive,39.8,0.1,24.4
501,63,Inactive,39.8,0.1,24.6
501,64,Inactive,39.8,0.1,24.8
501,65,Inactive,39.8,0.1,25
501,66,Inactive,39.8,0.1,25.2
501,67,Inactive,39.8,0.1,25.4
501,68,Inactive,39.8,0.1,25.6
501,69,Inactive,39.8,0.1,25.8
501,70,Inactive,39.8,0.1,26
501,71,Inactive,39.8,0.1,26.2
501,72,Inactive,39.8,0.1,26.4
501,73,Inactive,39.8,0.1,26.6
501,74,Inactive,39.8,0.1,26.8
501,75,Inactive,40,0.1,24
501,76,Inactive,40,0.1,24.2
501,77,Inactive,40,0.1,24.4
501,78,Inactive,40,0.1,24.6
501,79,Inactive,40,0.1,24.8
501,80,Inactive,40,0.1,25
501,81,Inactive,40,0.1,25.2
501,82,Inactive,40,0.1,25.4
501,83,Inactive,40,0.1,25.6
501,84,Inactive,40,0.1,25.8
501,85,Inactive,40,0.1,26
501,86,Inactive,40,0.1,26.2
501,87,Inactive,40,0.1,26.4
501,88,Inactive,40,0.1,26.6
501,89,Inactive,40,0.1,26.8
501,90,Inactive,40.2,0.1,24
501,91,Inactive,40.2,0.1,24.2
501,92,Inactive,40.2,0.1,24.4
501,93,Inactive,40.2,0.1,24.6
501,94,Inactive,40.2,0.1,24.8
501,95,Inactive,40.2,0.1,25
501,96,Inactive,40.2,0.1,25.2
501,97,Inactive,40.2,0.1,25.4
501,98,Inactive,40.2,0.1,25.6
501,99,Inactive,40.2,0.1,25.8
501,100,Inactive,40.2,0.1,26
501,101,Inactive,40.2,0.1,26.2
501,102,Inactive,40.2,0.1,26.4
501,103,Inactive,40.2,0.1,26.6
501,104,Inactive,40.2,0.1,26.8
501,105,Inactive,40.4,0.1,24
501,106,Inactive,40.4,0.1,24.2
501,107,Inactive,40.4,0.1,24.4
501,108,Inactive,40.4,0.1,24.6
501,109,Inactive,40.4,0.1,24.8
501,110,Inactive,40.4,0.1,25
501,111,Inactive,40.4,0.1,25.2
501,112,Inactive,40.4,0.1,25.4
501,113,Inactive,40.4,0.1,25.6
501,114,Inactive,40.4,0.1,25.8
501,115,Inactive,40.4,0.1,26
501,116,Inactive,40.4,0.1,26.2
501,117,Inactive,40.4,0.1,26.4
501,118,Inactive,40.4,0.1,26.6
501,119,Inactive,40.4,0.1,26.8
501,120,Inactive,40.6,0.1,24
501,121,Inactive,40.6,0.1,24.2
501,122,Inactive,40.6,0.1,24.4
501,123,Inactive,40.6,0.1,24.6
501,124,Inactive,40.6,0.1,24.8
501,125,Inactive,40.6,0.1,25
501,126,Inactive,40.6,0.1,25.2
501,127,Inactive,40.6,0.1,25.4
501,128,Inactive,40.6,0.1,25.6
501,129,Inactive,40.6,0.1,25.8
501,130,Inactive,40.6,0.1,26
501,131,Inactive,40.6,0.1,26.2
501,132,Inactive,40.6,0.1,26.4
501,133,Inactive,40.6,0.1,26.6
501,134,Inactive,40.6,0.1,26.8
501,135,Inactive,40.8,0.1,24
501,136,Inactive,40.8,0.1,24.2
501,137,Inactive,40.8,0.1,24.4
501,138,Inactive,40.8,0.1,24.6
501,139,Inactive,40.8,0.1,24.8
501,140,Inactive,40.8,0.1,25
501,141,Inactive,40.8,0.1,25.2
501,142,Inactive,40.8,0.1,25.4
501,143,Inactive,40.8,0.1,25.6
501,144,Inactive,40.8,0.1,25.8
501,145,Inactive,40.8,0.1,26
501,146,Inactive,40.8,0.1,26.2
501,147,Inactive,40.8,0.1,26.4
501,148,Inactive,40.8,0.1,26.6
501,149,Inactive,40.8,0.1,26.8
501,150,Inactive,41,0.1,24
501,151,Inactive,41,0.1,24.2
501,152,Inactive,41,0.1,24.4
501,153,Inactive,41,0.1,24.6
501,154,Inactive,41,0.1,24.8
501,155,Inactive,41,0.1,25
501,156,Inactive,41,0.1,25.2
501,157,Inactive,41,0.1,25.4
501,158,Inactive,41,0.1,25.6
501,159,Inactive,41,0.1,25.8
501,160,Inactive,41,0.1,26
501,161,Inactive,41,0.1,26.2
501,162,Inactive,41,0.1,26.4
501,163,Inactive,41,0.1,26.6
501,164,Inactive,41,0.1,26.8
501,165,Inactive,41.2,0.1,24
501,166,Inactive,41.2,0.1,24.2
501,167,Inactive,41.2,0.1,24.4
501,168,Inactive,41.2,0.1,24.6
501,169,Inactive,41.2,0.1,24.8
501,170,Inactive,41.2,0.1,25
501,171,Inactive,41.2,0.1,25.2
501,172,Inactive,41.2,0.1,25.4
501,173,Inactive,41.2,0.1,25.6
501,174,Inactive,41.2,0.1,25.8
501,175,Inactive,41.2,0.1,26
501,176,Inactive,41.2,0.1,26.2
501,177,Inactive,41.2,0.1,26.4
501,178,Inactive,41.2,0.1,26.6
501,179,Inactive,41.2,0.1,26.8
501,180,Inactive,41.4,0.1,24
501,181,Inactive,41.4,0.1,24.2
501,182,Inactive,41.4,0.1,24.4
501,183,Inactive,41.4,0.1,24.6
501,184,Inactive,41.4,0.1,24.8
501,185,Inactive,41.4,0.1,25
501,186,Inactive,41.4,0.1,25.2
501,187,Inactive,41.4,0.1,25.4
501,188,Inactive,41.4,0.1,25.6
501,189,Inactive,41.4,0.1,25.8
501,190,Inactive,41.4,0.1,26
501,191,Inactive,41.4,0.1,26.2
501,192,Inactive,41.4,0.1,26.4
501,193,Inactive,41.4,0.1,26.6
501,194,Inactive,41.4,0.1,26.8
501,195,Inactive,41.6,0.1,24
501,196,Inactive,41.6,0.1,24.2
501,197,Inactive,41.6,0.1,24.4
501,198,Inactive,41.6,0.1,24.6
501,199,Inactive,41.6,0.1,24.8
1001,0,Inactive,37.863,0.1,21.5809
1001,1,Inactive,39.5091,0.1,22.3978
1001,2,Inactive,40.7224,0.1,23.1838
1001,3,Inactive,37.9828,0.1,23.9701
1001,4,Inactive,39.0741,0.1,25.991
1001,5,Inactive,38.7719,0.1,24.3846
1001,6,Inactive,38.3587,0.1,23.669
1001,7,Inactive,37.5483,0.1,25.4995
1001,8,Inactive,39.4043,0.1,24.3091
1001,9,Inactive,37.8297,0.1,28.2572
1001,10,Inactive,39.7847,0.1,24.2696
1001,11,Inactive,39.0654,0.1,24.5176
1001,12,Inactive,38.4488,0.1,27.8121
1001,13,Inactive,39.5801,0.1,27.7608
1001,14,Inactive,39.1677,0.1,27.2021
1001,15,Inactive,37.7215,0.1,21.9288
1001,16,Inactive,39.3824,0.1,23.2695
1001,17,Inactive,37.7289,0.1,22.6415
1001,18,Inactive,39.1306,0.1,26.3031
1001,19,Inactive,40.0013,0.1,27.9407
1001,20,Inactive,41.3199,0.1,23.9251
1001,21,Inactive,38.0491,0.1,24.7171
1001,22,Inactive,37.7907,0.1,26.3925
1001,23,Inactive,38.594,0.1,24.929
1001,24,Inactive,39.3662,0.1,23.729
1001,25,Inactive,38.7477,0.1,25.0708
1001,26,Inactive,40.3013,0.1,26.2286
1001,27,Inactive,39.1587,0.1,24.7431
1001,28,Inactive,41.5083,0.1,28.0748
1001,29,Inactive,39.4524,0.1,27.5135
1001,30,Inactive,38.9483,0.1,22.0278
1001,31,Inactive,39.6709,0.1,26.1329
1001,32,Inactive,41.8456,0.1,25.5562
1001,33,Inactive,39.7704,0.1,26.7737
1001,34,Inactive,37.709,0.1,23.3178
1001,35,Inactive,38.7888,0.1,26.294
1001,36,Inactive,41.252,0.1,24.2105
1001,37,Inactive,39.8037,0.1,25.5878
1001,38,Inactive,39.1132,0.1,27.0087
1001,39,Inactive,40.5685,0.1,27.8763
1001,40,Inactive,42.083,0.1,24.4578
1001,41,Inactive,42.2322,0.1,25.1351
1001,42,Inactive,42.1268,0.1,25.5897
1001,43,Inactive,38.4849,0.1,28.4438
1001,44,Inactive,41.6921,0.1,26.282
1001,45,Inactive,39.6927,0.1,24.112
1001,46,Inactive,41.4868,0.1,24.6732
1001,47,Inactive,40.2863,0.1,26.7566
1001,48,Inactive,40.2622,0.1,24.0118
1001,49,Inactive,42.2772,0.1,23.7683
1001,50,Inactive,39.6,0.1,25
1001,51,Inactive,39.6,0.1,25.2
1001,52,Inactive,39.6,0.1,25.4
1001,53,Inactive,39.6,0.1,25.6
1001,54,Inactive,39.6,0.1,25.8
1001,55,Inactive,39.6,0.1,26
1001,56,Inactive,39.6,0.1,26.2
1001,57,Inactive,39.6,0.1,26.4
1001,58,Inactive,39.6,0.1,26.6
1001,59,Inactive,39.6,0.1,26.8
1001,60,Inactive,39.8,0.1,24
1001,61,Inactive,39.8,0.1,24.2
1001,62,Inactive,39.8,0.1,24.4
1001,63,Inactive,39.8,0.1,24.6
1001,64,Inactive,39.8,0.1,24.8
1001,65,Inactive,39.8,0.1,25
1001,66,Inactive,39.8,0.1,25.2
1001,67,Inactive,39.8,0.1,25.4
1001,68,Inactive,39.8,0.1,25.6
1001,69,Inactive,39.8,0.1,25.8
1001,70,Inactive,39.8,0.1,26
1001,71,Inactive,39.8,0.1,26.2
1001,72,Inactive,39.8,0.1,26.4
1001,73,Inactive,39.8,0.1,26.6
1001,74,Inactive,39.8,0.1,26.8
1001,75,Inactive,40,0.1,24
1001,76,Inactive,40,0.1,24.2
1001,77,Inactive,40,0.1,24.4
1001,78,Inactive,40,0.1,24.6
1001,79,Inactive,40,0.1,24.8
1001,80,Inactive,40,0.1,25
1001,81,Inactive,40,0.1,25.2
1001,82,Inactive,40,0.1,25.4
1001,83,Inactive,40,0.1,25.6
1001,84,Inactive,40,0.1,25.8
1001,85,Inactive,40,0.1,26
1001,86,Inactive,40,0.1,26.2
1001,87,Inactive,40,0.1,26.4
1001,88,Inactive,40,0.1,26.6
1001,89,Inactive,40,0.1,26.8
1001,90,Inactive,40.2,0.1,24
1001,91,Inactive,40.2,0.1,24.2
1001,92,Inactive,40.2,0.1,24.4
1001,93,Inactive,40.2,0.1,24.6
1001,94,Inactive,40.2,0.1,24.8
1001,95,Inactive,40.2,0.1,25
1001,96,Inactive,40.2,0.1,25.2
1001,97,Inactive,40.2,0.1,25.4
1001,98,Inactive,40.2,0.1,25.6
1001,99,Inactive,40.2,0.1,25.8
1001,100,Inactive,40.2,0.1,26
1001,101,Inactive,40.2,0.1,26.2
1001,102,Inactive,40.2,0.1,26.4
1001,103,Inactive,40.2,0.1,26.6
1001,104,Inactive,40.2,0.1,26.8
1001,105,Inactive,40.4,0.1,24
1001,106,Inactive,40.4,0.1,24.2
1001,107,Inactive,40.4,0.1,24.4
1001,108,Inactive,40.4,0.1,24.6
1001,109,Inactive,40.4,0.1,24.8
1001,110,Inactive,40.4,0.1,25
1001,111,Inactive,40.4,0.1,25.2
1001,112,Inactive,40.4,0.1,25.4
1001,113,Inactive,40.4,0.1,25.6
1001,114,Inactive,40.4,0.1,25.8
1001,115,Inactive,40.4,0.1,26
1001,116,Inactive,40.4,0.1,26.2
1001,117,Inactive,40.4,0.1,26.4
1001,118,Inactive,40.4,0.1,26.6
1001,119,Inactive,40.4,0.1,26.8
1001,120,Inactive,40.6,0.1,24
1001,121,Inactive,40.6,0.1,24.2
1001,122,Inactive,40.6,0.1,24.4
1001,123,Inactive,40.6,0.1,24.6
1001,124,Inactive,40.6,0.1,24.8
1001,125,Inactive,40.6,0.1,25
1001,126,Inactive,40.6,0.1,25.2
1001,127,Inactive,40.6,0.1,25.4
1001,128,Inactive,40.6,0.1,25.6
1001,129,Inactive,40.6,0.1,25.8
1001,130,Inactive,40.6,0.1,26
1001,131,Inactive,40.6,0.1,26.2
1001,132,Inactive,40.6,0.1,26.4
1001,133,Inactive,40.6,0.1,26.6
1001,134,Inactive,40.6,0.1,26.8
1001,135,Inactive,40.8,0.1,24
1001,136,Inactive,40.8,0.1,24.2
1001,137,Inactive,40.8,0.1,24.4
1001,138,Inactive,40.8,0.1,24.6
1001,139,Inactive,40.8,0.1,24.8
1001,140,Inactive,40.8,0.1,25
1001,141,Inactive,40.8,0.1,25.2
1001,142,Inactive,40.8,0.1,25.4
1001,143,Inactive,40.8,0.1,25.6
1001,144,Inactive,40.8,0.1,25.8
1001,145,Inactive,40.8,0.1,26
1001,146,Inactive,40.8,0.1,26.2
1001,147,Inactive,40.8,0.1,26.4
1001,148,Inactive,40.8,0.1,26.6
1001,149,Inactive,40.8,0.1,26.8
1001,150,Inactive,41,0.1,24
1001,151,Inactive,41,0.1,24.2
1001,152,Inactive,41,0.1,24.4
1001,153,Inactive,41,0.1,24.6
1001,154,Inactive,41,0.1,24.8
1001,155,Inactive,41,0.1,25
1001,156,Inactive,41,0.1,25.2
1001,157,Inactive,41,0.1,25.4
1001,158,Inactive,41,0.1,25.6
1001,159,Inactive,41,0.1,25.8
1001,160,Inactive,41,0.1,26
1001,161,Inactive,41,0.1,26.2
1001,162,Inactive,41,0.1,26.4
1001,163,Inactive,41,0.1,26.6
1001,164,Inactive,41,0.1,26.8
1001,165,Inactive,41.2,0.1,24
1001,166,Inactive,41.2,0.1,24.2
1001,167,Inactive,41.2,0.1,24.4
1001,168,Inactive,41.2,0.1,24.6
1001,169,Inactive,41.2,0.1,24.8
1001,170,Inactive,41.2,0.1,25
1001,171,Inactive,41.2,0.1,25.2
1001,172,Inactive,41.2,0.1,25.4
1001,173,Inactive,41.2,0.1,25.6
1001,174,Inactive,41.2,0.1,25.8
1001,175,Inactive,41.2,0.1,26
1001,176,Inactive,41.2,0.1,26.2
1001,177,Inactive,41.2,0.1,26.4
1001,178,Inactive,41.2,0.1,26.6
1001,179,Inactive,41.2,0.1,26.8
1001,180,Inactive,41.4,0.1,24
1001,181,Inactive,41.4,0.1,24.2
1001,182,Inactive,41.4,0.1,24.4
1001,183,Inactive,41.4,0.1,24.6
1001,184,Inactive,41.4,0.1,24.8
1001,185,Inactive,41.4,0.1,25
1001,186,Inactive,41.4,0.1,25.2
1001,187,Inactive,41.4,0.1,25.4
1001,188,Inactive,41.4,0.1,25.6
1001,189,Inactive,41.4,0.1,25.8
1001,190,Inactive,41.4,0.1,26
1001,191,Inactive,41.4,0.1,26.2
1001,192,Inactive,41.4,0.1,26.4
1001,193,Inactive,41.4,0.1,26.6
1001,194,Inactive,41.4,0.1,26.8
1001,195,Inactive,41.6,0.1,24
1001,196,Inactive,41.6,0.1,24.2
1001,197,Inactive,41.6,0.1,24.4
1001,198,Inactive,41.6,0.1,24.6
1001,199,Inactive,41.6,0.1,24.8
1501,0,Inactive,39.3261,0.1,21.6022
1501,1,Inactive,40.9495,0.1,21.6733
1501,2,Scouting,38.8222,0.1,24.3076
1501,3,Scouting,41.0435,0.1,21.5202
1501,4,Scouting,42.1232,0.1,26.4751
1501,5,Scouting,39.7013,0.1,25.8518
1501,6,Inactive,39.1103,0.1,24.805
1501,7,Inactive,37.614,0.1,25.6001
1501,8,Inactive,40.9799,0.1,24.4703
1501,9,Scouting,40.8293,0.1,28.5207
1501,10,Scouting,41.332,0.1,25.2164
1501,11,Inactive,39.1846,0.1,25.7957
1501,12,Scouting,41.7952,0.1,26.5653
1501,13,Scouting,39.412,0.1,28.0056
1501,14,Scouting,37.8701,0.1,26.2211
1501,15,Inactive,37.8648,0.1,23.7319
1501,16,Scouting,40.7457,0.1,26.7923
1501,17,Scouting,40.7495,0.1,24.4369
1501,18,Inactive,38.3408,0.1,25.9971
1501,19,Inactive,40.5653,0.1,28.4389
1501,20,Scouting,42.0085,0.1,24.0511
1501,21,Scouting,39.4574,0.1,25.1518
1501,22,Inactive,37.7952,0.1,26.3743
1501,23,Inactive,37.777,0.1,24.1464
1501,24,Inactive,39.1777,0.1,22.0335
1501,25,Inactive,39.0405,0.1,26.3673
1501,26,Inactive,41.4449,0.1,27.5876
1501,27,Scouting,36.0528,0.1,26.497
1501,28,Scouting,40.0485,0.1,28.0065
1501,29,Scouting,39.1146,0.1,28.1068
1501,30,Inactive,37.976,0.1,23.6032
1501,31,Scouting,40.058,0.1,26.2861
1501,32,Inactive,41.0115,0.1,26.8744
1501,33,Scouting,34.0359,0.1,24.9921
1501,34,Inactive,38.263,0.1,22.1048
1501,35,Inactive,37.5402,0.1,25.7235
1501,36,Inactive,39.7961,0.1,22.952
1501,37,Inactive,39.9152,0.1,24.1325
1501,38,Inactive,38.8047,0.1,25.7718
1501,39,Scouting,42.2923,0.1,24.3001
1501,40,Inactive,41.5082,0.1,24.3429
1501,41,Inactive,42.3063,0.1,23.3725
1501,42,Scouting,41.8095,0.1,26.3484
1501,43,Scouting,38.4432,0.1,28.4
1501,44,Inactive,40.922,0.1,26.0374
1501,45,Inactive,39.8607,0.1,22.4043
1501,46,Inactive,41.0639,0.1,26.5731
1501,47,Inactive,38.7574,0.1,27.4291
1501,48,Inactive,40.6605,0.1,22.6363
1501,49,Inactive,41.7121,0.1,21.921
1501,50,Inactive,39.6,0.1,25
1501,51,Inactive,39.6,0.1,25.2
1501,52,Inactive,39.6,0.1,25.4
1501,53,Inactive,39.6,0.1,25.6
1501,54,Inactive,39.6,0.1,25.8
1501,55,Inactive,39.6,0.1,26
1501,56,Inactive,39.6,0.1,26.2
1501,57,Inactive,39.6,0.1,26.4
1501,58,Inactive,39.6,0.1,26.6
1501,59,Inactive,39.6,0.1,26.8
1501,60,Inactive,39.8,0.1,24
1501,61,Inactive,39.8,0.1,24.2
1501,62,Inactive,39.8,0.1,24.4
1501,63,Inactive,39.8,0.1,24.6
1501,64,Inactive,39.8,0.1,24.8
1501,65,Inactive,39.8,0.1,25
1501,66,Inactive,39.8,0.1,25.2
1501,67,Inactive,39.8,0.1,25.4
1501,68,Inactive,39.8,0.1,25.6
1501,69,Inactive,39.8,0.1,25.8
1501,70,Inactive,39.8,0.1,26
1501,71,Inactive,39.8,0.1,26.2
1501,72,Inactive,39.8,0.1,26.4
1501,73,Inactive,39.8,0.1,26.6
1501,74,Inactive,39.8,0.1,26.8
1501,75,Inactive,40,0.1,24
1501,76,Inactive,40,0.1,24.2
1501,77,Inactive,40,0.1,24.4
1501,78,Inactive,40,0.1,24.6
1501,79,Inactive,40,0.1,24.8
1501,80,Inactive,40,0.1,25
1501,81,Inactive,40,0.1,25.2
1501,82,Inactive,40,0.1,25.4
1501,83,Inactive,40,0.1,25.6
1501,84,Inactive,40,0.1,25.8
1501,85,Inactive,40,0.1,26
1501,86,Inactive,40,0.1,26.2
1501,87,Inactive,40,0.1,26.4
1501,88,Inactive,40,0.1,26.6
1501,89,Inactive,40,0.1,26.8
1501,90,Inactive,40.2,0.1,24
1501,91,Inactive,40.2,0.1,24.2
1501,92,Inactive,40.2,0.1,24.4
1501,93,Inactive,40.2,0.1,24.6
1501,94,Inactive,40.2,0.1,24.8
1501,95,Inactive,40.2,0.1,25
1501,96,Inactive,40.2,0.1,25.2
1501,97,Inactive,40.2,0.1,25.4
1501,98,Inactive,40.2,0.1,25.6
1501,99,Inactive,40.2,0.1,25.8
1501,100,Inactive,40.2,0.1,26
1501,101,Inactive,40.2,0.1,26.2
1501,102,Inactive,40.2,0.1,26.4
1501,103,Inactive,40.2,0.1,26.6
1501,104,Inactive,40.2,0.1,26.8
1501,105,Inactive,40.4,0.1,24
1501,106,Inactive,40.4,0.1,24.2
1501,107,Inactive,40.4,0.1,24.4
1501,108,Inactive,40.4,0.1,24.6
1501,109,Inactive,40.4,0.1,24.8
1501,110,Inactive,40.4,0.1,25
1501,111,Inactive,40.4,0.1,25.2
1501,112,Inactive,40.4,0.1,25.4
1501,113,Inactive,40.4,0.1,25.6
1501,114,Inactive,40.4,0.1,25.8
1501,115,Inactive,40.4,0.1,26
1501,116,Inactive,40.4,0.1,26.2
1501,117,Inactive,40.4,0.1,26.4
1501,118,Inactive,40.4,0.1,26.6
1501,119,Inactive,40.4,0.1,26.8
1501,120,Inactive,40.6,0.1,24
1501,121,Inactive,40.6,0.1,24.2
1501,122,Inactive,40.6,0.1,24.4
1501,123,Inactive,40.6,0.1,24.6
1501,124,Inactive,40.6,0.1,24.8
1501,125,Inactive,40.6,0.1,25
1501,126,Inactive,40.6,0.1,25.2
1501,127,Inactive,40.6,0.1,25.4
1501,128,Inactive,40.6,0.1,25.6
1501,129,Inactive,40.6,0.1,25.8
1501,130,Inactive,40.6,0.1,26
1501,131,Inactive,40.6,0.1,26.2
1501,132,Inactive,40.6,0.1,26.4
1501,133,Inactive,40.6,0.1,26.6
1501,134,Inactive,40.6,0.1,26.8
1501,135,Inactive,40.8,0.1,24
1501,136,Inactive,40.8,0.1,24.2
1501,137,Inactive,40.8,0.1,24.4
1501,138,Inactive,40.8,0.1,24.6
1501,139,Inactive,40.8,0.1,24.8
1501,140,Inactive,40.8,0.1,25
1501,141,Inactive,40.8,0.1,25.2
1501,142,Inactive,40.8,0.1,25.4
1501,143,Inactive,40.8,0.1,25.6
1501,144,Inactive,40.8,0.1,25.8
1501,145,Inactive,40.8,0.1,26
1501,146,Inactive,40.8,0.1,26.2
1501,147,Inactive,40.8,0.1,26.4
1501,148,Inactive,40.8,0.1,26.6
1501,149,Inactive,40.8,0.1,26.8
1501,150,Inactive,41,0.1,24
1501,151,Inactive,41,0.1,24.2
1501,152,Inactive,41,0.1,24.4
1501,153,Inactive,41,0.1,24.6
1501,154,Inactive,41,0.1,24.8
1501,155,Inactive,41,0.1,25
1501,156,Inactive,41,0.1,25.2
1501,157,Inactive,41,0.1,25.4
1501,158,Inactive,41,0.1,25.6
1501,159,Inactive,41,0.1,25.8
1501,160,Inactive,41,0.1,26
1501,161,Inactive,41,0.1,26.2
1501,162,Inactive,41,0.1,26.4
1501,163,Inactive,41,0.1,26.6
1501,164,Inactive,41,0.1,26.8
1501,165,Inactive,41.2,0.1,24
1501,166,Inactive,41.2,0.1,24.2
1501,167,Inactive,41.2,0.1,24.4
1501,168,Inactive,41.2,0.1,24.6
1501,169,Inactive,41.2,0.1,24.8
1501,170,Inactive,41.2,0.1,25
1501,171,Inactive,41.2,0.1,25.2
1501,172,Inactive,41.2,0.1,25.4
1501,173,Inactive,41.2,0.1,25.6
1501,174,Inactive,41.2,0.1,25.8
1501,175,Inactive,41.2,0.1,26
1501,176,Inactive,41.2,0.1,26.2
1501,177,Inactive,41.2,0.1,26.4
1501,178,Inactive,41.2,0.1,26.6
1501,179,Inactive,41.2,0.1,26.8
1501,180,Inactive,41.4,0.1,24
1501,181,Inactive,41.4,0.1,24.2
1501,182,Inactive,41.4,0.1,24.4
1501,183,Inactive,41.4,0.1,24.6
1501,184,Inactive,41.4,0.1,24.8
1501,185,Inactive,41.4,0.1,25
1501,186,Inactive,41.4,0.1,25.2
1501,187,Inactive,41.4,0.1,25.4
1501,188,Inactive,41.4,0.1,25.6
1501,189,Inactive,41.4,0.1,25.8
1501,190,Inactive,41.4,0.1,26
1501,191,Inactive,41.4,0.1,26.2
1501,192,Inactive,41.4,0.1,26.4
1501,193,Inactive,41.4,0.1,26.6
1501,194,Inactive,41.4,0.1,26.8
1501,195,Inactive,41.6,0.1,24
1501,196,Inactive,41.6,0.1,24.2
1501,197,Inactive,41.6,0.1,24.4
1501,198,Inactive,41.6,0.1,24.6
1501,199,Inactive,41.6,0.1,24.8
