Tick,NestId,Inactive,Assessing,Recruiting,Reversing
1,0,200,0,0,0
1,1,0,0,0,0
1,2,0,0,0,0
501,0,200,0,0,0
501,1,0,0,0,0
501,2,0,0,0,0
1001,0,200,0,0,0
1001,1,0,0,0,0
1001,2,0,0,0,0
1501,0,188,0,0,0
1501,1,0,0,0,0
1501,2,0,0,0,0
2001,0,171,0,0,0
2001,1,0,0,0,0
2001,2,0,0,0,0
2501,0,166,0,0,0
2501,1,0,0,0,0
2501,2,0,0,0,0
3001,0,166,0,0,0
3001,1,0,0,0,0
3001,2,0,0,0,0
3501,0,166,0,0,0
3501,1,0,0,0,0
3501,2,0,0,0,0
4001,0,166,0,0,0
4001,1,0,0,0,0
4001,2,0,0,0,0
4501,0,166,0,0,0
4501,1,0,0,0,0
4501,2,0,0,0,0
5001,0,166,0,0,0
5001,1,0,0,0,0
5001,2,0,0,0,0
5501,0,166,0,0,0
5501,1,0,0,0,0
5501,2,0,0,0,0
6001,0,166,0,0,0
6001,1,0,0,0,0
6001,2,0,0,0,0
6501,0,166,0,0,0
6501,1,0,0,0,0
6501,2,0,0,0,0
7001,0,166,0,0,0
7001,1,0,1,0,0
7001,2,0,0,0,0
7501,0,166,0,0,0
7501,1,0,1,0,0
7501,2,0,0,0,0
8001,0,166,0,0,0
8001,1,0,1,0,0
8001,2,0,0,0,0
8501,0,166,0,0,0
8501,1,0,1,0,0
8501,2,0,0,0,0
9001,0,166,0,0,0
9001,1,0,1,0,0
9001,2,0,0,0,0
9501,0,166,0,0,0
9501,1,0,1,0,0
9501,2,0,0,0,0
10001,0,166,0,0,0
10001,1,0,1,0,0
10001,2,0,1,0,0
10501,0,166,0,0,0
10501,1,0,2,0,0
10501,2,0,2,0,0
11001,0,166,0,0,0
11001,1,0,2,0,0
11001,2,0,3,0,0
11501,0,166,0,0,0
11501,1,0,2,0,0
11501,2,0,3,0,0
12001,0,166,0,0,0
12001,1,0,2,0,0
12001,2,0,3,0,0
12501,0,166,0,0,0
12501,1,0,2,0,0
12501,2,0,3,0,0
13001,0,166,0,0,0
13001,1,0,2,0,0
13001,2,0,5,0,0
13501,0,166,0,0,0
13501,1,0,2,0,0
13501,2,0,6,0,0
14001,0,166,0,0,0
14001,1,0,2,0,0
14001,2,0,6,0,0
14501,0,166,0,0,0
14501,1,0,2,0,0
14501,2,0,6,0,0
15001,0,166,0,0,0
15001,1,0,2,0,0
15001,2,0,6,0,0
15501,0,166,0,0,0
15501,1,0,2,0,0
15501,2,0,6,0,0
16001,0,166,0,0,0
16001,1,0,2,0,0
16001,2,0,6,0,0
16501,0,166,0,0,0
16501,1,0,3,0,0
16501,2,0,6,0,0
17001,0,166,0,0,0
17001,1,0,3,0,0
17001,2,0,7,0,0
17501,0,166,0,0,0
17501,1,0,3,0,0
17501,2,0,7,0,0
18001,0,166,0,0,0
18001,1,0,4,0,0
18001,2,0,7,0,0
18501,0,166,0,0,0
18501,1,0,4,0,0
18501,2,0,7,0,0
19001,0,166,0,0,0
19001,1,0,4,0,0
19001,2,0,7,0,0
19501,0,166,0,0,0
19501,1,0,4,0,0
19501,2,0,7,0,0
20001,0,166,0,0,0
20001,1,0,4,0,0
20001,2,0,7,0,0
20501,0,166,0,0,0
20501,1,0,4,0,0
20501,2,0,7,0,0
21001,0,166,0,0,0
21001,1,0,4,0,0
21001,2,0,7,0,0
21501,0,166,0,0,0
21501,1,0,4,0,0
21501,2,0,7,0,0
22001,0,166,0,0,0
22001,1,0,4,0,0
22001,2,0,7,0,0
22501,0,166,0,0,0
22501,1,0,4,0,0
22501,2,0,7,0,0
23001,0,166,0,0,0
23001,1,0,4,0,0
23001,2,0,7,0,0
23501,0,166,0,0,0
23501,1,0,4,0,0
23501,2,0,7,0,0
24001,0,166,0,0,0
24001,1,0,4,0,0
24001,2,0,7,0,0
24501,0,166,0,0,0
24501,1,0,5,0,0
24501,2,0,6,0,0
25001,0,166,0,0,0
25001,1,0,6,0,0
25001,2,0,5,0,0
25501,0,166,0,0,0
25501,1,0,5,0,0
25501,2,0,5,0,0
26001,0,166,0,0,0
26001,1,0,5,0,0
26001,2,0,5,0,0
26501,0,166,0,0,0
26501,1,0,5,0,0
26501,2,0,5,0,0
27001,0,166,0,0,0
27001,1,0,5,1,0
27001,2,0,5,0,0
27501,0,166,0,0,0
27501,1,0,5,1,0
27501,2,0,5,0,0
28001,0,166,0,0,0
28001,1,0,5,1,0
28001,2,0,3,0,0
28501,0,166,0,0,0
28501,1,0,5,1,0
28501,2,0,3,0,0
29001,0,166,0,0,0
29001,1,0,5,1,0
29001,2,0,3,0,0
29501,0,166,0,0,0
29501,1,0,5,1,0
29501,2,0,1,0,0
30001,0,166,0,0,0
30001,1,0,5,1,0
30001,2,0,2,0,0
30501,0,166,0,0,0
30501,1,0,6,1,0
30501,2,0,2,0,0
31001,0,166,0,0,0
31001,1,0,6,1,0
31001,2,0,2,0,0
31501,0,166,0,0,0
31501,1,0,6,1,0
31501,2,0,2,0,0
32001,0,166,0,0,0
32001,1,0,6,1,0
32001,2,0,2,0,0
32501,0,166,0,0,0
32501,1,0,6,1,0
32501,2,0,2,0,0
33001,0,166,0,0,0
33001,1,0,6,1,0
33001,2,0,2,0,0
33501,0,166,0,0,0
33501,1,0,7,1,0
33501,2,0,2,0,0
34001,0,166,0,0,0
34001,1,0,7,1,0
34001,2,0,2,0,0
34501,0,166,0,0,0
34501,1,0,6,1,0
34501,2,0,2,0,0
35001,0,166,0,0,0
35001,1,0,6,1,0
35001,2,0,1,1,0
35501,0,166,0,0,0
35501,1,0,5,2,0
35501,2,0,1,1,0
36001,0,166,0,0,0
36001,1,0,5,2,0
36001,2,0,1,1,0
36501,0,166,0,0,0
36501,1,0,5,2,0
36501,2,0,1,1,0
37001,0,166,0,0,0
37001,1,0,5,2,0
37001,2,0,1,1,0
37501,0,166,0,0,0
37501,1,0,5,2,0
37501,2,0,1,1,0
38001,0,165,0,0,0
38001,1,0,6,2,0
38001,2,0,1,1,0
38501,0,165,0,0,0
38501,1,0,6,2,0
38501,2,0,1,1,0
39001,0,165,0,0,0
39001,1,0,6,2,0
39001,2,0,1,1,0
39501,0,165,0,0,0
39501,1,0,6,2,0
39501,2,0,1,1,0
40001,0,165,0,0,0
40001,1,0,6,2,0
40001,2,0,1,1,0
40501,0,165,0,0,0
40501,1,0,6,2,0
40501,2,0,1,1,0
41001,0,165,0,0,0
41001,1,0,6,2,0
41001,2,0,1,1,0
41501,0,165,0,0,0
41501,1,0,6,2,0
41501,2,0,2,1,0
42001,0,165,0,0,0
42001,1,0,5,2,0
42001,2,0,2,1,0
42501,0,165,0,0,0
42501,1,0,5,2,0
42501,2,0,1,2,0
43001,0,165,0,0,0
43001,1,0,6,2,0
43001,2,0,1,2,0
43501,0,165,0,0,0
43501,1,0,6,2,0
43501,2,0,1,2,0
44001,0,165,0,0,0
44001,1,0,6,2,0
44001,2,0,1,2,0
44501,0,165,0,0,0
44501,1,0,6,2,0
44501,2,0,1,2,0
45001,0,165,0,0,0
45001,1,0,6,2,0
45001,2,0,2,2,0
45501,0,164,0,0,0
45501,1,0,6,2,0
45501,2,0,3,2,0
46001,0,164,0,0,0
46001,1,0,5,2,0
46001,2,0,3,2,0
46501,0,163,0,0,0
46501,1,0,6,2,0
46501,2,0,3,2,0
47001,0,163,0,0,0
47001,1,0,7,2,0
47001,2,0,3,2,0
47501,0,163,0,0,0
47501,1,0,8,2,0
47501,2,0,4,2,0
48001,0,163,0,0,0
48001,1,0,8,2,0
48001,2,0,4,2,0
48501,0,163,0,0,0
48501,1,0,8,2,0
48501,2,0,4,2,0
49001,0,163,0,0,0
49001,1,0,8,2,0
49001,2,0,5,2,0
49501,0,163,0,0,0
49501,1,0,8,2,0
49501,2,0,5,2,0
50001,0,163,0,0,0
50001,1,0,8,2,0
50001,2,0,5,1,1
50501,0,163,0,0,0
50501,1,0,8,2,0
50501,2,0,5,2,0
51001,0,163,0,0,0
51001,1,0,8,2,0
51001,2,0,5,2,0
51501,0,163,0,0,0
51501,1,0,8,1,1
51501,2,0,5,2,0
52001,0,163,0,0,0
52001,1,0,7,3,0
52001,2,0,5,2,0
52501,0,163,0,0,0
52501,1,0,7,3,0
52501,2,0,5,2,0
53001,0,163,0,0,0
53001,1,0,7,3,0
53001,2,0,5,2,0
53501,0,163,0,0,0
53501,1,0,7,3,0
53501,2,0,5,2,0
54001,0,163,0,0,0
54001,1,0,7,3,0
54001,2,0,6,2,0
54501,0,163,0,0,0
54501,1,0,6,4,0
54501,2,0,6,2,0
55001,0,162,0,0,0
55001,1,0,7,4,0
55001,2,0,6,2,0
55501,0,161,0,0,0
55501,1,0,7,4,0
55501,2,0,7,2,0
56001,0,161,0,0,0
56001,1,0,6,4,0
56001,2,0,6,3,0
56501,0,161,0,0,0
56501,1,0,7,4,0
56501,2,0,7,3,0
57001,0,161,0,0,0
57001,1,0,6,5,0
57001,2,0,7,3,0
57501,0,161,0,0,0
57501,1,0,7,5,0
57501,2,0,6,4,0
58001,0,161,0,0,0
58001,1,0,7,5,0
58001,2,0,6,4,0
58501,0,161,0,0,0
58501,1,0,8,5,0
58501,2,0,6,4,0
59001,0,161,0,0,0
59001,1,0,8,5,0
59001,2,0,7,4,0
59501,0,161,0,0,0
59501,1,0,7,6,0
59501,2,0,8,4,0
60001,0,161,0,0,0
60001,1,0,7,6,0
60001,2,0,9,3,1
60501,0,161,0,0,0
60501,1,0,7,6,0
60501,2,0,9,4,0
61001,0,161,0,0,0
61001,1,0,6,6,0
61001,2,0,9,4,0
61501,0,161,0,0,0
61501,1,0,6,6,0
61501,2,0,8,5,0
62001,0,161,0,0,0
62001,1,0,7,6,0
62001,2,0,8,5,0
62501,0,161,1,0,0
62501,1,0,7,6,0
62501,2,0,7,4,0
63001,0,160,1,0,0
63001,1,0,8,6,0
63001,2,0,7,4,0
63501,0,160,2,0,0
63501,1,0,8,6,0
63501,2,0,6,4,0
64001,0,160,2,0,0
64001,1,0,9,6,0
64001,2,0,6,4,0
64501,0,159,2,0,0
64501,1,0,10,6,0
64501,2,0,6,2,2
65001,0,158,2,0,0
65001,1,0,11,6,0
65001,2,0,6,4,0
65501,0,158,2,0,0
65501,1,0,11,6,0
65501,2,0,6,4,0
66001,0,158,2,0,0
66001,1,0,11,5,1
66001,2,0,6,4,0
66501,0,158,2,0,0
66501,1,0,11,6,0
66501,2,0,6,4,0
67001,0,158,2,0,0
67001,1,0,11,6,0
67001,2,0,6,4,0
67501,0,158,2,0,0
67501,1,0,11,6,0
67501,2,0,6,4,0
68001,0,157,2,0,0
68001,1,0,11,5,1
68001,2,0,7,4,0
68501,0,157,2,0,0
68501,1,0,11,6,0
68501,2,0,7,4,0
69001,0,157,2,0,0
69001,1,0,11,5,1
69001,2,0,6,5,0
69501,0,157,2,0,0
69501,1,0,11,6,0
69501,2,0,6,5,0
70001,0,157,2,0,0
70001,1,0,10,6,0
70001,2,0,6,5,0
70501,0,157,2,0,0
70501,1,0,11,6,0
70501,2,0,6,5,0
71001,0,157,2,0,0
71001,1,0,11,6,0
71001,2,0,7,4,0
71501,0,157,2,0,0
71501,1,0,11,5,1
71501,2,0,7,4,0
72001,0,157,2,0,0
72001,1,0,10,6,0
72001,2,0,6,4,0
72501,0,157,2,0,0
72501,1,0,10,6,0
72501,2,0,6,4,0
73001,0,157,2,0,0
73001,1,0,8,8,0
73001,2,0,6,4,0
73501,0,157,2,0,0
73501,1,0,8,8,0
73501,2,0,6,5,0
74001,0,157,2,0,0
74001,1,0,8,8,0
74001,2,0,4,6,0
74501,0,157,2,0,0
74501,1,0,8,8,0
74501,2,0,4,6,0
75001,0,157,2,0,0
75001,1,0,8,8,0
75001,2,0,4,6,0
75501,0,157,2,0,0
75501,1,0,9,7,0
75501,2,0,4,6,0
76001,0,157,2,0,0
76001,1,0,9,7,0
76001,2,0,3,6,0
76501,0,157,2,0,0
76501,1,0,9,7,0
76501,2,0,3,6,0
77001,0,155,2,0,0
77001,1,0,8,8,0
77001,2,0,5,6,0
77501,0,155,2,0,0
77501,1,0,7,9,0
77501,2,0,6,6,0
78001,0,155,2,0,0
78001,1,0,7,9,0
78001,2,0,6,6,0
78501,0,155,2,0,0
78501,1,0,6,9,0
78501,2,0,6,6,0
79001,0,155,2,0,0
79001,1,0,6,9,0
79001,2,0,6,6,0
79501,0,154,1,0,0
79501,1,0,7,9,0
79501,2,0,6,7,0
80001,0,153,1,0,0
80001,1,0,7,9,0
80001,2,0,7,7,0
80501,0,153,1,0,0
80501,1,0,8,8,0
80501,2,0,7,7,0
81001,0,153,0,0,0
81001,1,0,7,9,0
81001,2,0,7,8,0
81501,0,153,0,0,0
81501,1,0,6,10,0
81501,2,0,7,7,1
82001,0,151,0,0,0
82001,1,0,7,11,0
82001,2,0,7,8,0
82501,0,151,0,0,0
82501,1,0,8,11,0
82501,2,0,7,8,0
83001,0,151,0,0,0
83001,1,0,7,11,0
83001,2,0,7,8,0
83501,0,151,0,0,0
83501,1,0,7,11,0
83501,2,0,7,8,0
84001,0,150,0,0,0
84001,1,0,8,11,0
84001,2,0,7,7,1
84501,0,150,0,0,0
84501,1,0,9,9,1
84501,2,0,7,7,1
85001,0,150,0,0,0
85001,1,0,10,10,0
85001,2,0,7,9,0
85501,0,150,0,0,0
85501,1,0,11,9,0
85501,2,0,8,9,0
86001,0,150,0,0,0
86001,1,0,11,9,0
86001,2,0,8,9,0
86501,0,150,0,0,0
86501,1,0,11,8,1
86501,2,0,8,9,0
87001,0,150,0,0,0
87001,1,0,14,8,0
87001,2,0,8,9,0
87501,0,150,0,0,0
87501,1,0,14,8,0
87501,2,0,8,9,0
88001,0,150,0,0,0
88001,1,0,14,8,0
88001,2,0,8,10,0
88501,0,150,0,0,0
88501,1,0,14,8,0
88501,2,0,7,10,0
89001,0,150,0,0,0
89001,1,0,14,9,0
89001,2,0,7,9,0
89501,0,150,0,0,0
89501,1,0,14,9,0
89501,2,0,8,9,0
90001,0,150,0,0,0
90001,1,0,14,9,0
90001,2,0,8,9,0
90501,0,150,0,0,0
90501,1,0,14,9,0
90501,2,0,8,9,0
91001,0,150,0,0,0
91001,1,0,15,9,0
91001,2,0,8,9,0
91501,0,150,0,0,0
91501,1,0,15,8,1
91501,2,0,8,9,0
92001,0,150,0,0,0
92001,1,0,16,8,0
92001,2,0,9,8,0
92501,0,150,0,0,0
92501,1,0,16,8,0
92501,2,0,9,8,0
93001,0,150,0,0,0
93001,1,0,16,8,0
93001,2,0,9,8,0
93501,0,150,0,0,0
93501,1,0,16,7,1
93501,2,0,8,8,1
94001,0,150,0,0,0
94001,1,0,15,9,0
94001,2,0,8,8,1
94501,0,150,0,0,0
94501,1,0,16,9,0
94501,2,0,8,9,0
95001,0,150,0,0,0
95001,1,0,16,9,0
95001,2,0,8,10,0
95501,0,150,0,0,0
95501,1,0,15,10,0
95501,2,0,7,11,0
96001,0,150,0,0,0
96001,1,0,15,10,0
96001,2,0,7,11,0
96501,0,150,0,0,0
96501,1,0,15,10,0
96501,2,0,6,11,0
97001,0,150,0,0,0
97001,1,0,15,10,0
97001,2,0,7,11,0
97501,0,150,0,0,0
97501,1,0,15,10,0
97501,2,0,6,12,0
98001,0,150,0,0,0
98001,1,0,13,11,0
98001,2,0,7,12,0
98501,0,150,0,0,0
98501,1,0,13,11,0
98501,2,0,7,12,0
99001,0,150,0,0,0
99001,1,0,12,11,1
99001,2,0,7,12,0
99501,0,150,0,0,0
99501,1,0,12,11,0
99501,2,0,8,12,0
100001,0,150,1,0,0
100001,1,0,11,11,0
100001,2,0,8,11,1
100501,0,150,1,0,0
100501,1,0,11,10,0
100501,2,0,9,12,0
101001,0,150,1,0,0
101001,1,0,10,11,0
101001,2,0,9,12,0
101501,0,150,1,0,0
101501,1,0,10,11,0
101501,2,0,10,11,1
102001,0,150,1,0,0
102001,1,0,9,12,0
102001,2,0,10,12,0
102501,0,150,1,0,0
102501,1,0,10,12,0
102501,2,0,11,12,0
103001,0,150,1,0,0
103001,1,0,10,12,0
103001,2,0,10,11,1
103501,0,150,1,0,0
103501,1,0,9,13,0
103501,2,0,11,12,0
104001,0,149,1,0,0
104001,1,0,8,14,0
104001,2,0,10,12,0
104501,0,149,1,0,0
104501,1,0,8,14,0
104501,2,0,10,11,1
105001,0,149,1,0,0
105001,1,0,8,14,0
105001,2,0,11,12,0
105501,0,149,1,0,0
105501,1,0,6,16,0
105501,2,0,11,12,0
106001,0,149,1,0,0
106001,1,0,6,16,0
106001,2,0,11,12,0
106501,0,149,2,0,0
106501,1,0,6,15,0
106501,2,0,11,12,0
107001,0,149,2,0,0
107001,1,0,5,15,0
107001,2,0,11,12,0
107501,0,149,2,0,0
107501,1,1,6,13,0
107501,2,1,12,11,1
108001,0,149,2,0,0
108001,1,1,7,13,0
108001,2,1,12,11,0
108501,0,149,2,0,0
108501,1,1,7,13,0
108501,2,1,12,11,0
109001,0,149,2,0,0
109001,1,1,8,13,0
109001,2,1,12,10,0
109501,0,149,2,0,0
109501,1,1,8,13,0
109501,2,1,12,10,0
110001,0,148,2,0,0
110001,1,1,7,14,0
110001,2,1,12,10,0
110501,0,148,2,0,0
110501,1,1,7,14,0
110501,2,1,12,10,0
111001,0,148,2,0,0
111001,1,1,7,12,1
111001,2,1,12,11,0
111501,0,148,2,0,0
111501,1,1,7,12,1
111501,2,1,12,11,0
112001,0,148,2,0,0
112001,1,1,7,12,1
112001,2,1,12,11,0
112501,0,148,2,0,0
112501,1,1,7,11,2
112501,2,1,12,11,0
113001,0,148,2,0,0
113001,1,1,7,11,2
113001,2,1,12,10,1
113501,0,148,2,0,0
113501,1,1,7,11,2
113501,2,2,12,11,0
114001,0,148,2,0,0
114001,1,1,8,12,1
114001,2,2,11,11,0
114501,0,148,3,0,0
114501,1,1,8,12,1
114501,2,2,10,10,0
115001,0,148,3,0,0
115001,1,1,8,12,1
115001,2,2,10,10,0
115501,0,148,3,0,0
115501,1,1,8,11,2
115501,2,2,10,9,1
116001,0,147,3,0,0
116001,1,1,8,12,1
116001,2,2,10,10,0
116501,0,147,3,0,0
116501,1,1,7,13,1
116501,2,2,11,7,2
117001,0,147,2,0,0
117001,1,1,7,13,2
117001,2,2,9,9,0
117501,0,147,2,0,0
117501,1,1,7,15,1
117501,2,2,7,9,0
118001,0,147,2,0,0
118001,1,1,7,15,1
118001,2,2,8,9,0
118501,0,147,2,0,0
118501,1,1,10,14,1
118501,2,2,7,9,0
119001,0,147,2,0,0
119001,1,1,9,14,1
119001,2,2,8,9,0
119501,0,147,2,0,0
119501,1,1,10,13,2
119501,2,3,8,9,0
120001,0,147,2,0,0
120001,1,1,10,14,1
120001,2,3,9,9,0
120501,0,147,2,0,0
120501,1,0,10,16,0
120501,2,3,8,9,0
121001,0,147,2,0,0
121001,1,0,10,16,0
121001,2,3,8,9,0
121501,0,147,2,0,0
121501,1,0,10,16,0
121501,2,3,8,9,0
122001,0,147,2,0,0
122001,1,0,10,15,0
122001,2,3,8,9,0
122501,0,147,2,0,0
122501,1,0,11,15,0
122501,2,3,8,8,0
123001,0,147,2,0,0
123001,1,0,9,13,2
123001,2,3,8,9,0
123501,0,147,2,0,0
123501,1,0,11,15,0
123501,2,3,7,9,0
124001,0,147,2,0,0
124001,1,0,11,15,0
124001,2,3,7,9,0
124501,0,147,1,0,0
124501,1,0,11,16,0
124501,2,3,7,9,0
125001,0,147,1,0,0
125001,1,0,11,16,0
125001,2,4,7,8,1
125501,0,147,1,0,0
125501,1,0,11,16,0
125501,2,4,7,9,0
126001,0,147,1,0,0
126001,1,0,11,16,0
126001,2,4,7,9,0
126501,0,147,1,0,0
126501,1,0,11,16,0
126501,2,4,7,7,2
127001,0,147,1,0,0
127001,1,0,12,14,1
127001,2,4,7,9,0
127501,0,147,1,0,0
127501,1,0,13,14,0
127501,2,4,8,9,0
128001,0,147,1,0,0
128001,1,0,13,14,0
128001,2,4,8,9,0
128501,0,147,1,0,0
128501,1,0,13,13,1
128501,2,4,8,9,0
129001,0,147,1,0,0
129001,1,0,13,13,1
129001,2,4,9,8,0
129501,0,147,1,0,0
129501,1,0,14,14,0
129501,2,4,8,9,0
130001,0,147,1,0,0
130001,1,0,15,13,0
130001,2,4,7,10,0
130501,0,147,0,0,0
130501,1,0,14,13,0
130501,2,5,7,11,0
131001,0,146,0,0,0
131001,1,0,14,13,0
131001,2,5,7,11,0
131501,0,146,0,0,0
131501,1,0,16,13,0
131501,2,5,7,10,1
132001,0,146,0,0,0
132001,1,0,16,13,0
132001,2,5,7,10,1
132501,0,146,0,0,0
132501,1,0,15,12,1
132501,2,4,6,12,0
133001,0,145,0,0,0
133001,1,0,14,14,0
133001,2,4,6,12,0
133501,0,145,0,0,0
133501,1,0,12,13,1
133501,2,5,7,11,0
134001,0,145,0,0,0
134001,1,0,13,14,0
134001,2,5,7,11,0
134501,0,144,0,0,0
134501,1,1,12,12,1
134501,2,5,8,12,0
135001,0,144,0,0,0
135001,1,1,12,13,0
135001,2,5,8,12,0
135501,0,144,0,0,0
135501,1,1,13,13,0
135501,2,5,7,11,1
136001,0,144,0,0,0
136001,1,1,14,13,0
136001,2,5,8,11,0
136501,0,144,0,0,0
136501,1,1,14,13,0
136501,2,6,8,11,0
137001,0,143,0,0,0
137001,1,1,14,13,0
137001,2,6,8,11,0
137501,0,143,0,0,0
137501,1,1,14,13,0
137501,2,6,8,11,0
138001,0,143,0,0,0
138001,1,2,14,13,0
138001,2,6,8,10,1
138501,0,143,0,0,0
138501,1,2,16,12,0
138501,2,6,8,10,0
139001,0,143,1,0,0
139001,1,2,17,11,0
139001,2,6,8,9,0
139501,0,143,1,0,0
139501,1,2,17,10,1
139501,2,6,8,9,0
140001,0,143,1,0,0
140001,1,2,16,10,0
140001,2,6,9,9,0
140501,0,142,1,0,0
140501,1,3,17,10,0
140501,2,6,9,9,0
141001,0,142,1,0,0
141001,1,3,15,10,0
141001,2,6,9,11,0
141501,0,142,1,0,0
141501,1,3,15,10,0
141501,2,6,9,11,0
142001,0,141,1,0,0
142001,1,3,15,10,0
142001,2,6,9,10,1
142501,0,140,1,0,0
142501,1,3,14,11,0
142501,2,6,8,11,0
143001,0,140,1,0,0
143001,1,3,14,11,0
143001,2,6,8,11,0
143501,0,140,1,0,0
143501,1,3,14,11,0
143501,2,6,8,11,0
144001,0,140,1,0,0
144001,1,4,13,11,0
144001,2,6,8,11,0
144501,0,140,1,0,0
144501,1,4,14,10,1
144501,2,6,8,10,0
145001,0,139,1,0,0
145001,1,5,13,10,1
145001,2,6,8,11,0
145501,0,139,1,0,0
145501,1,6,14,10,1
145501,2,6,8,11,0
146001,0,139,1,0,0
146001,1,7,14,11,0
146001,2,6,8,10,1
146501,0,138,1,0,0
146501,1,7,14,11,0
146501,2,6,8,10,1
147001,0,138,1,0,0
147001,1,7,13,12,0
147001,2,6,8,11,0
147501,0,138,1,0,0
147501,1,7,13,12,0
147501,2,6,7,12,0
148001,0,136,1,0,0
148001,1,7,13,12,0
148001,2,6,7,12,0
148501,0,135,1,0,0
148501,1,7,12,13,0
148501,2,7,6,11,1
149001,0,135,1,0,0
149001,1,7,11,13,0
149001,2,7,6,11,1
149501,0,134,1,0,0
149501,1,7,12,14,0
149501,2,7,4,10,2
150001,0,134,1,0,0
150001,1,8,12,13,0
150001,2,7,5,11,1
150501,0,134,1,0,0
150501,1,8,11,12,1
150501,2,7,5,11,1
151001,0,134,1,0,0
151001,1,9,11,13,0
151001,2,7,6,10,1
151501,0,133,1,0,0
151501,1,10,10,12,1
151501,2,7,6,10,1
152001,0,131,1,0,0
152001,1,12,9,12,1
152001,2,7,7,10,1
152501,0,130,1,0,0
152501,1,12,9,12,1
152501,2,7,7,10,1
153001,0,130,1,0,0
153001,1,13,9,12,1
153001,2,7,7,9,2
153501,0,129,1,0,0
153501,1,13,8,12,2
153501,2,7,6,10,1
154001,0,129,1,0,0
154001,1,14,8,12,2
154001,2,7,7,10,1
154501,0,127,1,0,0
154501,1,14,8,13,1
154501,2,8,7,8,3
155001,0,127,1,0,0
155001,1,15,8,12,2
155001,2,8,6,10,1
155501,0,127,0,0,0
155501,1,15,8,14,1
155501,2,9,6,10,1
156001,0,125,0,0,0
156001,1,16,8,13,2
156001,2,9,6,10,1
156501,0,124,0,0,0
156501,1,16,8,13,2
156501,2,9,6,8,2
157001,0,124,0,0,0
157001,1,17,8,14,1
157001,2,8,6,9,1
157501,0,121,0,0,0
157501,1,17,6,14,1
157501,2,8,6,10,1
158001,0,118,0,0,0
158001,1,19,6,14,1
158001,2,7,6,12,0
158501,0,117,0,0,0
158501,1,19,7,14,1
158501,2,7,6,12,0
159001,0,117,1,0,0
159001,1,19,7,13,1
159001,2,7,5,13,0
159501,0,116,1,0,0
159501,1,21,7,11,3
159501,2,7,6,13,0
160001,0,113,1,0,0
160001,1,21,6,17,0
160001,2,7,5,13,0
160501,0,111,1,0,0
160501,1,21,6,17,0
160501,2,8,5,11,2
161001,0,111,1,0,0
161001,1,23,6,17,0
161001,2,9,5,12,1
161501,0,111,1,0,0
161501,1,25,5,15,2
161501,2,9,5,13,0
162001,0,109,1,0,0
162001,1,25,4,16,1
162001,2,10,5,13,0
162501,0,109,1,0,0
162501,1,25,4,16,1
162501,2,10,6,11,0
163001,0,107,1,0,0
163001,1,26,3,17,1
163001,2,11,6,10,1
163501,0,106,2,0,0
163501,1,28,3,16,2
163501,2,11,6,9,1
164001,0,106,3,0,0
164001,1,30,3,13,3
164001,2,11,7,10,0
164501,0,105,3,0,0
164501,1,30,3,15,1
164501,2,11,7,10,0
165001,0,104,3,0,0
165001,1,30,3,16,1
165001,2,11,6,10,0
165501,0,103,3,0,0
165501,1,34,3,15,2
165501,2,11,6,9,1
166001,0,100,3,0,0
166001,1,34,3,16,1
166001,2,11,6,10,0
166501,0,99,3,0,0
166501,1,36,3,14,3
166501,2,11,7,10,0
167001,0,97,3,0,0
167001,1,36,3,16,1
167001,2,12,7,10,0
167501,0,96,3,0,0
167501,1,36,2,16,1
167501,2,12,7,10,0
168001,0,92,3,0,0
168001,1,36,2,16,1
168001,2,13,7,10,0
168501,0,90,3,0,0
168501,1,37,2,15,2
168501,2,13,6,11,0
169001,0,89,4,0,0
169001,1,38,2,13,3
169001,2,14,6,9,2
169501,0,87,4,0,0
169501,1,39,2,13,3
169501,2,15,5,10,1
170001,0,87,4,0,0
170001,1,40,2,15,2
170001,2,15,5,11,0
170501,0,85,4,0,0
170501,1,41,2,16,1
170501,2,15,5,11,0
171001,0,83,4,0,0
171001,1,42,2,16,1
171001,2,15,6,10,1
171501,0,83,4,0,0
171501,1,46,2,14,3
171501,2,16,6,10,1
172001,0,80,4,0,0
172001,1,46,2,15,1
172001,2,18,6,10,1
172501,0,79,4,0,0
172501,1,49,2,12,4
172501,2,18,7,11,0
173001,0,77,4,0,0
173001,1,50,2,14,2
173001,2,18,7,11,0
173501,0,76,4,0,0
173501,1,50,2,14,2
173501,2,18,7,11,0
174001,0,72,4,0,0
174001,1,51,2,14,2
174001,2,17,7,11,0
174501,0,69,4,0,0
174501,1,51,2,15,1
174501,2,19,7,10,1
175001,0,69,4,0,0
175001,1,51,2,15,1
175001,2,19,7,10,0
175501,0,68,4,0,0
175501,1,53,2,15,1
175501,2,21,7,10,0
176001,0,67,4,0,0
176001,1,56,2,12,4
176001,2,22,7,9,1
176501,0,66,4,0,0
176501,1,56,1,15,1
176501,2,22,7,10,0
177001,0,64,4,0,0
177001,1,54,0,15,1
177001,2,24,6,11,1
177501,0,63,4,0,0
177501,1,56,0,13,3
177501,2,25,6,12,0
178001,0,62,4,0,0
178001,1,59,0,13,2
178001,2,26,6,11,1
178501,0,62,5,0,0
178501,1,59,0,13,1
178501,2,26,6,12,0
179001,0,58,5,0,0
179001,1,59,0,14,1
179001,2,26,6,12,0
179501,0,57,6,0,0
179501,1,60,0,13,2
179501,2,25,6,11,0
180001,0,57,5,0,0
180001,1,61,0,15,1
180001,2,25,5,11,0
180501,0,53,5,0,0
180501,1,63,0,16,0
180501,2,26,5,10,1
181001,0,52,5,0,0
181001,1,63,0,16,0
181001,2,27,5,10,1
181501,0,52,4,0,0
181501,1,63,0,16,0
181501,2,28,5,12,0
182001,0,52,4,0,0
182001,1,63,0,17,0
182001,2,29,4,11,1
182501,0,51,4,0,0
182501,1,67,0,14,3
182501,2,29,4,12,0
183001,0,49,5,0,0
183001,1,67,0,16,0
183001,2,30,4,12,0
183501,0,49,5,0,0
183501,1,66,0,16,0
183501,2,29,4,11,1
184001,0,47,5,0,0
184001,1,69,0,15,1
184001,2,32,3,9,3
184501,0,46,4,0,0
184501,1,69,0,17,0
184501,2,32,3,10,2
185001,0,46,4,0,0
185001,1,69,0,16,1
185001,2,32,3,10,2
185501,0,44,4,0,0
185501,1,69,0,17,0
185501,2,32,1,10,2
186001,0,41,4,0,0
186001,1,69,0,17,0
186001,2,33,1,10,2
186501,0,39,4,0,0
186501,1,71,0,16,1
186501,2,33,1,10,2
187001,0,37,4,0,0
187001,1,72,0,15,2
187001,2,35,1,9,3
187501,0,37,4,0,0
187501,1,72,0,16,1
187501,2,37,0,8,4
188001,0,36,4,0,0
188001,1,73,0,16,1
188001,2,37,0,10,2
188501,0,34,4,0,0
188501,1,74,1,15,2
188501,2,38,0,10,2
189001,0,34,5,0,0
189001,1,74,1,16,0
189001,2,38,0,9,3
189501,0,34,5,0,0
189501,1,76,1,14,2
189501,2,38,0,9,3
190001,0,32,5,0,0
190001,1,77,1,15,0
190001,2,39,0,8,4
190501,0,32,5,0,0
190501,1,78,1,12,2
190501,2,39,0,9,3
191001,0,30,5,0,0
191001,1,79,1,12,1
191001,2,39,0,9,3
191501,0,30,5,0,0
191501,1,79,1,13,0
191501,2,39,0,9,3
192001,0,28,5,0,0
192001,1,79,1,13,0
192001,2,41,0,8,4
192501,0,28,5,0,0
192501,1,79,1,13,0
192501,2,41,0,9,3
193001,0,27,5,0,0
193001,1,79,1,13,0
193001,2,40,0,11,2
193501,0,26,4,0,0
193501,1,81,1,13,1
193501,2,41,0,10,3
194001,0,24,5,0,0
194001,1,82,2,11,2
194001,2,42,0,10,3
194501,0,24,5,0,0
194501,1,83,2,13,0
194501,2,42,0,12,2
195001,0,22,5,0,0
195001,1,83,2,13,0
195001,2,42,0,12,2
195501,0,21,5,0,0
195501,1,85,2,11,2
195501,2,42,0,9,4
196001,0,21,4,0,0
196001,1,85,2,13,0
196001,2,42,0,10,4
196501,0,20,4,0,0
196501,1,85,2,13,0
196501,2,44,0,9,5
197001,0,20,5,0,0
197001,1,85,2,13,0
197001,2,42,0,11,2
197501,0,17,5,0,0
197501,1,87,2,13,0
197501,2,42,0,11,2
198001,0,17,5,0,0
198001,1,87,2,13,0
198001,2,42,0,10,2
198501,0,17,5,0,0
198501,1,88,2,12,1
198501,2,43,0,10,2
199001,0,15,5,0,0
199001,1,88,2,12,1
199001,2,45,0,9,3
199501,0,14,5,0,0
199501,1,88,2,12,1
199501,2,45,0,10,2
200001,0,13,4,0,0
200001,1,88,2,13,1
200001,2,46,0,9,3
200501,0,12,4,0,0
200501,1,89,2,11,3
200501,2,47,0,9,3
201001,0,12,4,0,0
201001,1,91,2,11,3
201001,2,48,0,9,3
201501,0,12,4,0,0
201501,1,91,2,12,2
201501,2,48,0,10,2
202001,0,11,4,0,0
202001,1,91,2,12,2
202001,2,48,0,10,2
202501,0,11,4,0,0
202501,1,92,2,13,1
202501,2,48,0,10,2
203001,0,11,4,0,0
203001,1,91,2,13,1
203001,2,49,0,10,2
203501,0,11,6,0,0
203501,1,92,2,9,3
203501,2,48,0,10,2
204001,0,11,6,0,0
204001,1,93,2,11,1
204001,2,48,0,10,1
204501,0,11,5,0,0
204501,1,93,2,10,2
204501,2,47,0,11,1
205001,0,9,5,0,0
205001,1,93,2,11,1
205001,2,47,0,12,0
205501,0,9,5,0,0
205501,1,94,2,11,1
205501,2,47,0,11,1
206001,0,8,5,0,0
206001,1,95,2,9,3
206001,2,47,0,11,0
206501,0,8,5,0,0
206501,1,96,2,10,2
206501,2,47,0,11,0
207001,0,7,6,0,0
207001,1,96,2,11,1
207001,2,47,0,10,0
207501,0,7,6,0,0
207501,1,96,2,11,1
207501,2,50,0,7,3
208001,0,7,6,0,0
208001,1,93,2,12,1
208001,2,51,0,6,4
208501,0,7,6,0,0
208501,1,94,1,13,0
208501,2,52,0,7,3
209001,0,6,6,0,0
209001,1,94,1,13,0
209001,2,50,1,7,3
209501,0,6,6,0,0
209501,1,95,1,13,0
209501,2,51,1,6,4
210001,0,6,6,0,0
210001,1,95,1,13,0
210001,2,51,1,7,3
210501,0,6,5,0,0
210501,1,96,1,13,1
210501,2,51,1,7,3
211001,0,6,5,0,0
211001,1,95,1,14,0
211001,2,51,1,6,4
211501,0,5,5,0,0
211501,1,95,1,14,0
211501,2,51,1,7,3
212001,0,5,5,0,0
212001,1,96,1,14,0
212001,2,51,1,7,3
212501,0,5,4,0,0
212501,1,98,1,11,3
212501,2,51,1,6,3
213001,0,3,4,0,0
213001,1,99,1,12,2
213001,2,51,1,7,2
213501,0,2,4,0,0
213501,1,99,1,13,1
213501,2,51,1,5,4
214001,0,2,4,0,0
214001,1,98,1,12,1
214001,2,51,1,7,2
214501,0,1,4,0,0
214501,1,99,1,11,2
214501,2,51,1,7,2
215001,0,1,5,0,0
215001,1,101,1,11,2
215001,2,52,1,7,2
215501,0,1,4,0,0
215501,1,101,1,11,3
215501,2,52,1,7,2
216001,0,1,5,0,0
216001,1,100,1,12,2
216001,2,53,1,5,3
216501,0,1,5,0,0
216501,1,102,1,11,3
216501,2,51,1,8,1
