Tick,NestId,Inactive,Assessing,Recruiting,Reversing
1,0,200,0,0,0
1,1,0,0,0,0
1,2,0,0,0,0
501,0,200,0,0,0
501,1,0,0,0,0
501,2,0,0,0,0
1001,0,200,0,0,0
1001,1,0,0,0,0
1001,2,0,0,0,0
1501,0,187,0,0,0
1501,1,0,0,0,0
1501,2,0,0,0,0
2001,0,177,0,0,0
2001,1,0,0,0,0
2001,2,0,0,0,0
2501,0,167,0,0,0
2501,1,0,0,0,0
2501,2,0,0,0,0
3001,0,167,0,0,0
3001,1,0,0,0,0
3001,2,0,0,0,0
3501,0,166,0,0,0
3501,1,0,0,0,0
3501,2,0,0,0,0
4001,0,166,0,0,0
4001,1,0,0,0,0
4001,2,0,0,0,0
4501,0,166,0,0,0
4501,1,0,0,0,0
4501,2,0,0,0,0
5001,0,166,0,0,0
5001,1,0,0,0,0
5001,2,0,0,0,0
5501,0,166,0,0,0
5501,1,0,0,0,0
5501,2,0,0,0,0
6001,0,166,0,0,0
6001,1,0,0,0,0
6001,2,0,1,0,0
6501,0,166,0,0,0
6501,1,0,0,0,0
6501,2,0,2,0,0
7001,0,166,0,0,0
7001,1,0,0,0,0
7001,2,0,2,0,0
7501,0,166,0,0,0
7501,1,0,0,0,0
7501,2,0,3,0,0
8001,0,166,0,0,0
8001,1,0,1,0,0
8001,2,0,4,0,0
8501,0,166,0,0,0
8501,1,0,1,0,0
8501,2,0,4,0,0
9001,0,166,0,0,0
9001,1,0,1,0,0
9001,2,0,4,0,0
9501,0,166,0,0,0
9501,1,0,1,0,0
9501,2,0,4,0,0
10001,0,166,0,0,0
10001,1,0,1,0,0
10001,2,0,4,0,0
10501,0,166,0,0,0
10501,1,0,1,0,0
10501,2,0,4,0,0
11001,0,166,0,0,0
11001,1,0,1,0,0
11001,2,0,4,0,0
11501,0,166,0,0,0
11501,1,0,1,0,0
11501,2,0,4,0,0
12001,0,166,0,0,0
12001,1,0,1,0,0
12001,2,0,4,0,0
12501,0,166,0,0,0
12501,1,0,1,0,0
12501,2,0,4,0,0
13001,0,166,0,0,0
13001,1,0,2,0,0
13001,2,0,4,0,0
13501,0,166,0,0,0
13501,1,0,2,0,0
13501,2,0,4,0,0
14001,0,166,0,0,0
14001,1,0,2,0,0
14001,2,0,4,0,0
14501,0,166,0,0,0
14501,1,0,2,0,0
14501,2,0,4,0,0
15001,0,166,0,0,0
15001,1,0,2,0,0
15001,2,0,4,0,0
15501,0,166,0,0,0
15501,1,0,2,0,0
15501,2,0,4,0,0
16001,0,166,0,0,0
16001,1,0,2,0,0
16001,2,0,4,0,0
16501,0,166,0,0,0
16501,1,0,2,0,0
16501,2,0,4,0,0
17001,0,166,0,0,0
17001,1,0,2,0,0
17001,2,0,4,0,0
17501,0,166,0,0,0
17501,1,0,2,0,0
17501,2,0,4,0,0
18001,0,166,0,0,0
18001,1,0,4,0,0
18001,2,0,4,0,0
18501,0,166,0,0,0
18501,1,0,4,0,0
18501,2,0,4,0,0
19001,0,166,0,0,0
19001,1,0,4,0,0
19001,2,0,4,0,0
19501,0,166,0,0,0
19501,1,0,5,0,0
19501,2,0,5,0,0
20001,0,166,0,0,0
20001,1,0,5,0,0
20001,2,0,4,0,0
20501,0,166,0,0,0
20501,1,0,5,0,0
20501,2,0,3,0,0
21001,0,166,0,0,0
21001,1,0,5,0,0
21001,2,0,2,1,0
21501,0,166,0,0,0
21501,1,0,5,0,0
21501,2,0,4,1,0
22001,0,166,0,0,0
22001,1,0,5,0,0
22001,2,0,3,1,0
22501,0,166,0,0,0
22501,1,0,5,0,0
22501,2,0,3,1,0
23001,0,166,0,0,0
23001,1,0,5,0,0
23001,2,0,4,1,0
23501,0,166,0,0,0
23501,1,0,5,0,0
23501,2,0,4,1,0
24001,0,166,0,0,0
24001,1,0,5,0,0
24001,2,0,4,1,0
24501,0,166,0,0,0
24501,1,0,5,0,0
24501,2,0,4,1,0
25001,0,166,0,0,0
25001,1,0,4,1,0
25001,2,0,5,1,0
25501,0,166,0,0,0
25501,1,0,4,1,0
25501,2,0,5,1,0
26001,0,166,0,0,0
26001,1,0,5,1,0
26001,2,0,5,1,0
26501,0,166,0,0,0
26501,1,0,5,1,0
26501,2,0,5,1,0
27001,0,166,0,0,0
27001,1,0,5,1,0
27001,2,0,5,1,0
27501,0,166,0,0,0
27501,1,0,5,1,0
27501,2,0,5,1,0
28001,0,166,0,0,0
28001,1,0,5,1,0
28001,2,0,5,1,0
28501,0,166,0,0,0
28501,1,0,5,1,0
28501,2,0,5,1,0
29001,0,166,0,0,0
29001,1,0,6,1,0
29001,2,0,5,1,0
29501,0,166,0,0,0
29501,1,0,5,1,0
29501,2,0,5,1,0
30001,0,166,0,0,0
30001,1,0,6,1,0
30001,2,0,6,1,0
30501,0,166,0,0,0
30501,1,0,6,1,0
30501,2,0,6,1,0
31001,0,166,0,0,0
31001,1,0,6,1,0
31001,2,0,6,1,0
31501,0,166,0,0,0
31501,1,0,6,1,0
31501,2,0,6,1,0
32001,0,166,0,0,0
32001,1,0,5,1,0
32001,2,0,6,1,0
32501,0,166,0,0,0
32501,1,0,5,1,0
32501,2,0,6,1,0
33001,0,166,0,0,0
33001,1,0,6,1,0
33001,2,0,6,1,0
33501,0,166,0,0,0
33501,1,0,6,1,0
33501,2,0,6,1,0
34001,0,166,0,0,0
34001,1,0,5,2,0
34001,2,0,6,1,0
34501,0,166,0,0,0
34501,1,0,5,2,0
34501,2,0,6,1,0
35001,0,166,0,0,0
35001,1,0,6,1,1
35001,2,0,5,1,0
35501,0,166,0,0,0
35501,1,0,6,2,0
35501,2,0,5,1,0
36001,0,166,0,0,0
36001,1,0,6,2,0
36001,2,0,5,1,0
36501,0,166,0,0,0
36501,1,0,6,2,0
36501,2,0,5,1,0
37001,0,166,0,0,0
37001,1,0,6,2,0
37001,2,0,4,1,0
37501,0,166,0,0,0
37501,1,0,6,2,0
37501,2,0,4,1,0
38001,0,166,0,0,0
38001,1,0,6,2,0
38001,2,0,2,2,0
38501,0,166,0,0,0
38501,1,0,6,2,0
38501,2,0,2,2,0
39001,0,166,0,0,0
39001,1,0,6,2,0
39001,2,0,2,2,0
39501,0,166,0,0,0
39501,1,0,7,2,0
39501,2,0,3,2,0
40001,0,166,0,0,0
40001,1,0,7,2,0
40001,2,0,3,2,0
40501,0,166,0,0,0
40501,1,0,7,2,0
40501,2,0,3,2,0
41001,0,166,0,0,0
41001,1,0,7,2,0
41001,2,0,3,2,0
41501,0,166,0,0,0
41501,1,0,7,2,0
41501,2,0,3,2,0
42001,0,166,0,0,0
42001,1,0,6,3,0
42001,2,0,2,3,0
42501,0,166,0,0,0
42501,1,0,6,3,0
42501,2,0,2,3,0
43001,0,166,0,0,0
43001,1,0,6,3,0
43001,2,0,2,3,0
43501,0,166,0,0,0
43501,1,0,8,3,0
43501,2,0,2,3,0
44001,0,166,0,0,0
44001,1,0,8,3,0
44001,2,0,1,4,0
44501,0,166,0,0,0
44501,1,0,8,3,0
44501,2,0,1,3,1
45001,0,165,0,0,0
45001,1,0,9,3,0
45001,2,0,1,4,0
45501,0,165,0,0,0
45501,1,0,9,3,0
45501,2,0,1,4,0
46001,0,164,0,0,0
46001,1,0,9,3,0
46001,2,0,1,4,0
46501,0,164,0,0,0
46501,1,0,9,3,0
46501,2,0,1,4,0
47001,0,164,0,0,0
47001,1,0,9,3,0
47001,2,0,1,4,0
47501,0,164,0,0,0
47501,1,0,9,3,0
47501,2,0,1,4,0
48001,0,164,0,0,0
48001,1,0,9,3,0
48001,2,0,2,4,0
48501,0,164,0,0,0
48501,1,0,8,3,0
48501,2,0,2,4,0
49001,0,164,0,0,0
49001,1,0,9,3,0
49001,2,0,2,4,0
49501,0,164,0,0,0
49501,1,0,9,3,0
49501,2,0,2,4,0
50001,0,164,0,0,0
50001,1,0,9,3,0
50001,2,0,2,4,0
50501,0,163,0,0,0
50501,1,0,9,3,0
50501,2,0,3,4,0
51001,0,163,0,0,0
51001,1,0,10,3,0
51001,2,0,3,4,0
51501,0,163,0,0,0
51501,1,0,9,3,0
51501,2,0,3,4,0
52001,0,163,0,0,0
52001,1,0,9,3,0
52001,2,0,3,4,0
52501,0,162,0,0,0
52501,1,0,10,3,0
52501,2,0,4,4,0
53001,0,162,0,0,0
53001,1,0,10,3,0
53001,2,0,4,4,0
53501,0,162,0,0,0
53501,1,0,10,3,0
53501,2,0,4,4,0
54001,0,161,0,0,0
54001,1,0,11,3,0
54001,2,0,5,4,0
54501,0,161,0,0,0
54501,1,0,12,3,0
54501,2,0,5,4,0
55001,0,160,0,0,0
55001,1,0,12,3,0
55001,2,0,6,4,0
55501,0,160,0,0,0
55501,1,0,12,3,0
55501,2,0,5,3,1
56001,0,159,0,0,0
56001,1,0,12,3,0
56001,2,0,7,4,0
56501,0,159,0,0,0
56501,1,0,11,3,0
56501,2,0,7,4,0
57001,0,159,0,0,0
57001,1,0,12,3,0
57001,2,0,8,3,1
57501,0,159,0,0,0
57501,1,0,11,2,1
57501,2,0,8,4,0
58001,0,159,0,0,0
58001,1,0,11,3,0
58001,2,0,8,4,0
58501,0,159,0,0,0
58501,1,0,12,2,1
58501,2,0,8,4,0
59001,0,159,0,0,0
59001,1,0,12,3,0
59001,2,0,9,4,0
59501,0,159,1,0,0
59501,1,0,13,2,1
59501,2,0,9,3,0
60001,0,159,1,0,0
60001,1,0,13,3,0
60001,2,0,9,2,1
60501,0,159,1,0,0
60501,1,0,13,3,0
60501,2,0,9,2,1
61001,0,159,1,0,0
61001,1,0,13,3,0
61001,2,0,9,3,0
61501,0,159,1,0,0
61501,1,0,13,3,0
61501,2,0,9,3,0
62001,0,159,2,0,0
62001,1,0,13,2,0
62001,2,0,9,3,0
62501,0,159,2,0,0
62501,1,0,13,2,0
62501,2,0,9,3,0
63001,0,159,2,0,0
63001,1,0,13,2,0
63001,2,0,10,3,0
63501,0,159,2,0,0
63501,1,0,11,3,0
63501,2,0,10,3,0
64001,0,159,2,0,0
64001,1,0,12,4,0
64001,2,0,10,3,0
64501,0,159,2,0,0
64501,1,0,12,4,0
64501,2,0,10,3,0
65001,0,159,2,0,0
65001,1,0,13,4,0
65001,2,0,10,3,0
65501,0,159,2,0,0
65501,1,0,13,4,0
65501,2,0,10,3,0
66001,0,159,2,0,0
66001,1,0,12,5,0
66001,2,0,9,3,0
66501,0,159,2,0,0
66501,1,0,12,5,0
66501,2,0,9,3,0
67001,0,159,2,0,0
67001,1,0,11,5,0
67001,2,0,9,3,0
67501,0,158,2,0,0
67501,1,0,11,5,0
67501,2,0,9,4,0
68001,0,158,2,0,0
68001,1,0,11,5,0
68001,2,0,11,4,0
68501,0,157,2,0,0
68501,1,0,12,5,0
68501,2,0,12,4,0
69001,0,157,2,0,0
69001,1,0,12,4,1
69001,2,0,12,4,0
69501,0,156,2,0,0
69501,1,0,14,5,0
69501,2,0,12,4,0
70001,0,156,2,0,0
70001,1,0,14,5,0
70001,2,0,12,4,0
70501,0,156,2,0,0
70501,1,0,13,5,0
70501,2,0,11,4,0
71001,0,156,2,0,0
71001,1,0,13,6,0
71001,2,0,11,4,0
71501,0,156,2,0,0
71501,1,0,13,6,0
71501,2,0,11,5,0
72001,0,156,2,0,0
72001,1,0,13,6,0
72001,2,0,10,5,0
72501,0,156,2,0,0
72501,1,0,13,6,0
72501,2,0,10,5,0
73001,0,155,2,0,0
73001,1,0,12,6,0
73001,2,0,11,5,0
73501,0,155,2,0,0
73501,1,0,13,5,1
73501,2,0,12,4,1
74001,0,155,1,0,0
74001,1,0,13,6,0
74001,2,0,11,7,0
74501,0,155,1,0,0
74501,1,0,12,7,0
74501,2,0,11,7,0
75001,0,155,1,0,0
75001,1,0,12,7,0
75001,2,0,11,7,0
75501,0,154,1,0,0
75501,1,0,12,7,0
75501,2,0,10,7,0
76001,0,154,1,0,0
76001,1,0,12,7,0
76001,2,0,10,7,0
76501,0,154,1,0,0
76501,1,0,11,8,0
76501,2,0,10,7,0
77001,0,153,1,0,0
77001,1,0,12,8,0
77001,2,0,11,7,0
77501,0,153,0,0,0
77501,1,0,12,9,0
77501,2,0,11,7,0
78001,0,153,0,0,0
78001,1,0,12,9,0
78001,2,0,11,7,0
78501,0,153,0,0,0
78501,1,0,11,9,0
78501,2,0,11,7,0
79001,0,153,0,0,0
79001,1,0,10,9,0
79001,2,0,11,7,0
79501,0,153,0,0,0
79501,1,0,11,9,0
79501,2,0,11,7,0
80001,0,153,0,0,0
80001,1,0,11,8,1
80001,2,0,11,7,0
80501,0,153,1,0,0
80501,1,0,10,9,0
80501,2,0,11,6,0
81001,0,153,1,0,0
81001,1,0,10,9,0
81001,2,0,11,6,0
81501,0,153,1,0,0
81501,1,0,11,9,0
81501,2,0,10,6,0
82001,0,153,1,0,0
82001,1,0,11,9,0
82001,2,0,10,5,1
82501,0,151,1,0,0
82501,1,0,12,9,0
82501,2,0,10,7,0
83001,0,151,1,0,0
83001,1,0,12,9,0
83001,2,0,8,8,0
83501,0,151,1,0,0
83501,1,0,12,9,0
83501,2,0,11,7,0
84001,0,150,1,0,0
84001,1,0,12,10,0
84001,2,0,11,7,0
84501,0,150,1,0,0
84501,1,0,12,9,1
84501,2,0,11,7,0
85001,0,150,1,0,0
85001,1,0,12,10,0
85001,2,0,10,7,0
85501,0,150,1,0,0
85501,1,0,13,10,0
85501,2,0,10,6,0
86001,0,150,2,0,0
86001,1,0,12,8,1
86001,2,0,11,5,0
86501,0,150,2,0,0
86501,1,0,12,9,0
86501,2,0,10,5,0
87001,0,150,2,0,0
87001,1,0,12,8,1
87001,2,0,11,5,0
87501,0,150,2,0,0
87501,1,0,12,10,0
87501,2,0,11,5,0
88001,0,150,2,0,0
88001,1,0,13,10,0
88001,2,0,11,5,0
88501,0,150,2,0,0
88501,1,0,14,10,0
88501,2,0,10,6,0
89001,0,150,2,0,0
89001,1,0,14,10,0
89001,2,0,10,6,0
89501,0,150,2,0,0
89501,1,0,14,10,0
89501,2,0,10,6,0
90001,0,150,2,0,0
90001,1,0,13,9,1
90001,2,0,11,6,0
90501,0,150,2,0,0
90501,1,0,13,10,0
90501,2,0,11,6,0
91001,0,150,2,0,0
91001,1,0,14,9,1
91001,2,0,11,6,0
91501,0,150,2,0,0
91501,1,0,13,11,0
91501,2,0,11,6,0
92001,0,150,2,0,0
92001,1,0,13,10,1
92001,2,0,11,6,0
92501,0,149,2,0,0
92501,1,0,14,10,0
92501,2,0,11,6,0
93001,0,149,2,0,0
93001,1,0,14,9,1
93001,2,0,11,6,0
93501,0,148,2,0,0
93501,1,0,14,9,0
93501,2,0,11,6,0
94001,0,148,2,0,0
94001,1,0,15,9,0
94001,2,0,12,5,0
94501,0,148,2,0,0
94501,1,1,15,9,0
94501,2,0,12,4,1
95001,0,148,2,0,0
95001,1,1,15,8,1
95001,2,0,11,6,0
95501,0,148,3,0,0
95501,1,1,15,8,0
95501,2,0,11,6,0
96001,0,148,3,0,0
96001,1,2,14,8,0
96001,2,0,12,6,0
96501,0,148,3,0,0
96501,1,2,15,8,0
96501,2,0,12,6,0
97001,0,147,3,0,0
97001,1,3,15,8,0
97001,2,0,11,6,0
97501,0,147,3,0,0
97501,1,3,15,7,1
97501,2,0,11,6,0
98001,0,147,2,0,0
98001,1,3,14,9,0
98001,2,0,12,7,0
98501,0,146,2,0,0
98501,1,2,14,9,0
98501,2,0,11,8,0
99001,0,146,2,0,0
99001,1,2,13,9,0
99001,2,0,10,9,0
99501,0,145,2,0,0
99501,1,2,14,9,0
99501,2,0,9,9,0
100001,0,145,2,0,0
100001,1,3,14,8,1
100001,2,0,11,8,0
100501,0,144,2,0,0
100501,1,3,13,9,0
100501,2,0,11,8,0
101001,0,144,2,0,0
101001,1,3,13,8,1
101001,2,0,9,9,0
101501,0,144,2,0,0
101501,1,3,15,8,1
101501,2,0,10,8,1
102001,0,144,2,0,0
102001,1,4,14,9,0
102001,2,0,10,10,0
102501,0,143,2,0,0
102501,1,4,14,9,0
102501,2,0,10,10,0
103001,0,143,1,0,0
103001,1,5,13,10,0
103001,2,0,10,10,0
103501,0,143,1,0,0
103501,1,5,14,10,0
103501,2,0,10,10,0
104001,0,143,1,0,0
104001,1,7,14,10,0
104001,2,0,10,10,0
104501,0,143,1,0,0
104501,1,7,14,10,0
104501,2,0,11,7,1
105001,0,143,1,0,0
105001,1,6,14,10,0
105001,2,0,11,8,0
105501,0,143,1,0,0
105501,1,6,14,10,0
105501,2,0,11,8,0
106001,0,143,1,0,0
106001,1,7,12,10,0
106001,2,0,11,8,0
106501,0,141,1,0,0
106501,1,7,12,10,0
106501,2,0,11,8,0
107001,0,140,1,0,0
107001,1,8,10,11,0
107001,2,0,11,8,0
107501,0,140,1,0,0
107501,1,8,9,12,0
107501,2,0,10,9,0
108001,0,140,1,0,0
108001,1,9,8,10,2
108001,2,0,10,8,1
108501,0,140,1,0,0
108501,1,9,8,10,2
108501,2,0,10,8,1
109001,0,139,2,0,0
109001,1,9,9,9,2
109001,2,0,10,9,0
109501,0,139,2,0,0
109501,1,10,9,8,3
109501,2,0,10,8,1
110001,0,139,2,0,0
110001,1,12,8,8,3
110001,2,0,10,9,0
110501,0,139,2,0,0
110501,1,13,8,9,2
110501,2,0,10,9,0
111001,0,139,1,0,0
111001,1,13,8,9,3
111001,2,0,10,9,0
111501,0,139,1,0,0
111501,1,13,8,10,2
111501,2,0,9,10,0
112001,0,138,1,0,0
112001,1,13,7,8,4
112001,2,0,9,10,0
112501,0,138,1,0,0
112501,1,13,7,10,2
112501,2,0,9,10,0
113001,0,137,1,0,0
113001,1,14,6,9,2
113001,2,0,11,10,0
113501,0,136,1,0,0
113501,1,14,6,9,2
113501,2,0,11,10,0
114001,0,135,1,0,0
114001,1,14,6,9,2
114001,2,0,11,10,0
114501,0,135,1,0,0
114501,1,14,7,9,2
114501,2,0,11,9,0
115001,0,134,1,0,0
115001,1,13,6,9,2
115001,2,0,10,9,1
115501,0,133,1,0,0
115501,1,14,7,9,2
115501,2,0,10,10,0
116001,0,132,1,0,0
116001,1,15,7,8,3
116001,2,0,10,9,1
116501,0,132,1,0,0
116501,1,15,6,9,2
116501,2,0,10,10,0
117001,0,132,1,0,0
117001,1,17,6,8,3
117001,2,0,10,10,0
117501,0,130,1,0,0
117501,1,16,6,11,1
117501,2,0,9,10,1
118001,0,129,1,0,0
118001,1,16,6,11,1
118001,2,0,9,10,1
118501,0,129,1,0,0
118501,1,18,5,10,2
118501,2,0,8,11,1
119001,0,129,1,0,0
119001,1,19,5,9,2
119001,2,0,9,12,0
119501,0,129,1,0,0
119501,1,20,6,9,2
119501,2,0,8,13,0
120001,0,128,1,0,0
120001,1,20,6,10,1
120001,2,0,7,13,0
120501,0,128,1,0,0
120501,1,19,6,10,1
120501,2,0,8,13,0
121001,0,128,2,0,0
121001,1,21,6,9,2
121001,2,0,8,11,1
121501,0,128,2,0,0
121501,1,22,6,9,2
121501,2,0,8,12,0
122001,0,127,2,0,0
122001,1,21,6,11,0
122001,2,0,10,12,0
122501,0,126,2,0,0
122501,1,21,6,11,0
122501,2,0,10,12,0
123001,0,126,2,0,0
123001,1,23,5,10,1
123001,2,0,10,12,0
123501,0,125,2,0,0
123501,1,23,5,11,0
123501,2,0,10,9,2
124001,0,125,2,0,0
124001,1,24,5,10,1
124001,2,0,10,11,0
124501,0,124,2,0,0
124501,1,24,5,10,1
124501,2,0,10,11,0
125001,0,123,2,0,0
125001,1,24,5,10,1
125001,2,0,10,11,0
125501,0,122,2,0,0
125501,1,25,5,10,1
125501,2,0,10,11,0
126001,0,121,1,0,0
126001,1,25,5,11,1
126001,2,0,10,10,1
126501,0,120,1,0,0
126501,1,25,5,10,1
126501,2,0,11,11,0
127001,0,120,1,0,0
127001,1,27,4,8,3
127001,2,0,9,13,0
127501,0,120,1,0,0
127501,1,27,4,10,1
127501,2,0,10,13,0
128001,0,120,1,0,0
128001,1,28,4,10,1
128001,2,0,10,13,0
128501,0,119,1,0,0
128501,1,29,4,10,1
128501,2,0,10,13,0
129001,0,118,1,0,0
129001,1,31,4,7,3
129001,2,0,10,13,0
129501,0,117,1,0,0
129501,1,30,4,10,1
129501,2,0,10,13,0
130001,0,116,1,0,0
130001,1,31,4,10,1
130001,2,0,10,13,0
130501,0,115,1,0,0
130501,1,31,4,10,1
130501,2,0,10,13,0
131001,0,114,1,0,0
131001,1,31,3,10,1
131001,2,0,10,13,0
131501,0,113,1,0,0
131501,1,32,3,9,2
131501,2,0,10,11,2
132001,0,112,1,0,0
132001,1,33,3,9,2
132001,2,0,10,12,0
132501,0,112,0,0,0
132501,1,34,3,10,1
132501,2,0,10,12,0
133001,0,112,0,0,0
133001,1,36,3,8,3
133001,2,0,10,12,0
133501,0,112,0,0,0
133501,1,36,3,10,1
133501,2,0,9,12,0
134001,0,112,0,0,0
134001,1,37,3,10,1
134001,2,0,10,10,2
134501,0,110,0,0,0
134501,1,36,3,12,0
134501,2,0,10,12,0
135001,0,108,0,0,0
135001,1,38,3,11,1
135001,2,0,10,11,1
135501,0,107,0,0,0
135501,1,39,2,12,0
135501,2,0,10,12,0
136001,0,106,0,0,0
136001,1,40,2,12,0
136001,2,0,9,13,0
136501,0,105,0,0,0
136501,1,39,2,12,0
136501,2,0,9,12,1
137001,0,105,0,0,0
137001,1,38,2,12,0
137001,2,0,9,12,1
137501,0,103,0,0,0
137501,1,38,2,12,0
137501,2,0,10,13,0
138001,0,101,0,0,0
138001,1,40,2,12,0
138001,2,0,10,12,1
138501,0,101,0,0,0
138501,1,42,2,11,1
138501,2,0,10,12,0
139001,0,101,1,0,0
139001,1,43,2,11,1
139001,2,0,9,11,0
139501,0,101,1,0,0
139501,1,44,2,12,0
139501,2,0,10,11,0
140001,0,101,1,0,0
140001,1,46,2,11,1
140001,2,0,9,11,0
140501,0,99,1,0,0
140501,1,47,2,11,1
140501,2,0,10,10,1
141001,0,98,1,0,0
141001,1,48,2,12,0
141001,2,0,10,10,1
141501,0,98,1,0,0
141501,1,51,2,11,1
141501,2,0,9,11,1
142001,0,96,1,0,0
142001,1,51,2,11,1
142001,2,0,9,10,1
142501,0,95,1,0,0
142501,1,51,2,11,1
142501,2,0,9,11,0
143001,0,95,1,0,0
143001,1,50,2,11,1
143001,2,0,9,11,0
143501,0,95,1,0,0
143501,1,50,2,11,1
143501,2,0,9,9,1
144001,0,94,1,0,0
144001,1,52,2,10,2
144001,2,0,8,9,1
144501,0,93,1,0,0
144501,1,53,2,10,2
144501,2,0,7,9,1
145001,0,93,1,0,0
145001,1,54,2,11,1
145001,2,0,7,10,0
145501,0,93,1,0,0
145501,1,56,2,9,3
145501,2,0,7,10,0
146001,0,93,1,0,0
146001,1,57,2,10,2
146001,2,0,7,10,0
146501,0,93,1,0,0
146501,1,58,2,10,2
146501,2,0,7,10,0
147001,0,91,1,0,0
147001,1,58,2,12,1
147001,2,0,7,10,0
147501,0,91,1,0,0
147501,1,59,2,11,2
147501,2,0,7,9,0
148001,0,90,1,0,0
148001,1,59,2,12,1
148001,2,0,6,9,0
148501,0,90,1,0,0
148501,1,59,2,12,1
148501,2,0,8,9,0
149001,0,88,1,0,0
149001,1,58,2,12,1
149001,2,0,8,9,0
149501,0,85,1,0,0
149501,1,58,2,12,1
149501,2,0,8,9,0
150001,0,85,1,0,0
150001,1,59,2,11,2
150001,2,0,8,9,0
150501,0,84,1,0,0
150501,1,61,2,12,1
150501,2,0,7,9,0
151001,0,84,1,0,0
151001,1,60,2,14,0
151001,2,0,6,9,0
151501,0,82,0,0,0
151501,1,60,2,13,1
151501,2,0,8,9,1
152001,0,82,0,0,0
152001,1,60,2,14,0
152001,2,0,8,10,0
152501,0,82,0,0,0
152501,1,62,2,14,0
152501,2,0,9,9,1
153001,0,80,0,0,0
153001,1,65,2,12,2
153001,2,0,9,9,1
153501,0,80,0,0,0
153501,1,66,2,13,1
153501,2,1,9,9,1
154001,0,80,0,0,0
154001,1,66,2,14,0
154001,2,1,9,10,0
154501,0,80,0,0,0
154501,1,67,2,12,1
154501,2,1,10,9,1
155001,0,79,2,0,0
155001,1,68,2,12,0
155001,2,1,9,9,0
155501,0,78,3,0,0
155501,1,68,2,11,0
155501,2,1,9,9,0
156001,0,76,3,0,0
156001,1,69,2,10,1
156001,2,1,10,9,0
156501,0,75,3,0,0
156501,1,70,2,10,1
156501,2,1,10,9,0
157001,0,75,3,0,0
157001,1,70,2,11,0
157001,2,1,9,10,0
157501,0,73,3,0,0
157501,1,70,2,11,0
157501,2,1,9,10,0
158001,0,73,3,0,0
158001,1,70,2,11,0
158001,2,1,9,10,0
158501,0,72,3,0,0
158501,1,71,2,10,1
158501,2,1,9,10,0
159001,0,71,3,0,0
159001,1,73,2,10,1
159001,2,1,9,10,0
159501,0,70,3,0,0
159501,1,75,2,10,1
159501,2,1,10,9,1
160001,0,70,3,0,0
160001,1,75,2,11,0
160001,2,1,10,10,0
160501,0,70,3,0,0
160501,1,75,2,11,0
160501,2,1,10,9,1
161001,0,70,3,0,0
161001,1,77,2,10,1
161001,2,1,10,10,0
161501,0,69,3,0,0
161501,1,77,2,11,0
161501,2,1,8,11,0
162001,0,67,3,0,0
162001,1,78,2,11,0
162001,2,1,8,11,0
162501,0,65,3,0,0
162501,1,79,2,10,0
162501,2,1,10,11,0
163001,0,65,3,0,0
163001,1,80,2,10,0
163001,2,1,10,11,0
163501,0,63,3,0,0
163501,1,80,2,10,0
163501,2,1,10,11,0
164001,0,63,3,0,0
164001,1,80,2,10,0
164001,2,1,10,10,1
164501,0,62,3,0,0
164501,1,80,2,10,0
164501,2,1,11,11,0
165001,0,61,3,0,0
165001,1,81,2,9,1
165001,2,1,11,11,0
165501,0,60,3,0,0
165501,1,83,2,8,2
165501,2,1,10,10,0
166001,0,60,3,0,0
166001,1,86,2,9,1
166001,2,1,11,10,0
166501,0,60,3,0,0
166501,1,86,2,10,0
166501,2,1,11,9,0
167001,0,60,3,0,0
167001,1,89,2,8,2
167001,2,1,11,8,1
167501,0,60,3,0,0
167501,1,89,2,10,0
167501,2,1,12,8,1
168001,0,60,3,0,0
168001,1,91,2,8,2
168001,2,1,12,9,0
168501,0,57,3,0,0
168501,1,91,2,10,0
168501,2,1,10,9,0
169001,0,56,3,0,0
169001,1,91,2,10,0
169001,2,1,11,9,0
169501,0,55,3,0,0
169501,1,91,2,10,0
169501,2,1,12,8,1
170001,0,55,3,0,0
170001,1,91,2,11,0
170001,2,1,11,8,0
170501,0,55,4,0,0
170501,1,91,2,10,0
170501,2,1,11,7,0
171001,0,54,3,0,0
171001,1,91,2,11,0
171001,2,1,11,7,0
171501,0,53,2,0,0
171501,1,91,2,11,0
171501,2,1,11,8,0
172001,0,53,2,0,0
172001,1,92,2,10,1
172001,2,0,10,9,0
172501,0,53,2,0,0
172501,1,94,2,10,1
172501,2,0,10,9,0
173001,0,53,2,0,0
173001,1,95,2,11,0
173001,2,0,10,9,0
173501,0,53,1,0,0
173501,1,97,2,10,2
173501,2,0,10,9,0
174001,0,52,1,0,0
174001,1,97,2,12,0
174001,2,0,10,8,1
174501,0,51,1,0,0
174501,1,98,2,12,0
174501,2,0,10,8,1
175001,0,49,2,0,0
175001,1,99,2,12,0
175001,2,0,10,7,0
175501,0,47,2,0,0
175501,1,98,2,12,0
175501,2,0,10,7,0
176001,0,47,3,0,0
176001,1,97,2,11,0
176001,2,0,11,7,0
176501,0,47,3,0,0
176501,1,97,2,11,0
176501,2,0,11,7,0
177001,0,46,3,0,0
177001,1,97,2,11,0
177001,2,0,10,7,0
177501,0,44,3,0,0
177501,1,97,2,11,0
177501,2,0,10,7,0
178001,0,44,3,0,0
178001,1,100,2,9,2
178001,2,0,11,7,0
178501,0,44,3,0,0
178501,1,101,2,10,1
178501,2,0,11,7,0
179001,0,44,3,0,0
179001,1,103,2,9,2
179001,2,0,13,6,1
179501,0,44,3,0,0
179501,1,103,2,11,0
179501,2,0,13,6,1
180001,0,44,3,0,0
180001,1,103,2,11,0
180001,2,0,13,7,0
180501,0,43,3,0,0
180501,1,104,2,11,1
180501,2,0,11,7,0
181001,0,42,3,0,0
181001,1,106,2,10,2
181001,2,0,10,7,0
181501,0,41,3,0,0
181501,1,106,2,12,0
181501,2,0,12,7,0
182001,0,39,3,0,0
182001,1,106,2,12,0
182001,2,0,12,7,0
182501,0,39,3,0,0
182501,1,106,2,12,0
182501,2,0,11,7,0
183001,0,39,3,0,0
183001,1,106,2,12,0
183001,2,0,12,7,0
183501,0,37,3,0,0
183501,1,106,2,11,1
183501,2,0,12,6,1
184001,0,35,3,0,0
184001,1,107,2,11,1
184001,2,0,11,7,0
184501,0,35,3,0,0
184501,1,108,2,12,0
184501,2,0,10,8,0
185001,0,35,3,0,0
185001,1,109,2,12,0
185001,2,0,11,7,0
185501,0,35,3,0,0
185501,1,111,2,12,0
185501,2,0,11,7,0
186001,0,35,3,0,0
186001,1,111,2,12,0
186001,2,0,11,7,0
186501,0,34,3,0,0
186501,1,111,2,12,0
186501,2,0,11,7,0
187001,0,33,2,0,0
187001,1,113,2,12,1
187001,2,0,11,7,0
187501,0,33,2,0,0
187501,1,114,2,12,1
187501,2,0,11,7,0
188001,0,32,2,0,0
188001,1,115,2,13,0
188001,2,0,11,7,0
188501,0,32,2,0,0
188501,1,115,2,13,0
188501,2,0,12,7,0
189001,0,32,2,0,0
189001,1,115,2,13,0
189001,2,0,13,7,0
189501,0,31,2,0,0
189501,1,115,2,13,0
189501,2,0,13,6,1
190001,0,31,2,0,0
190001,1,116,2,12,1
190001,2,0,13,7,0
190501,0,31,2,0,0
190501,1,116,2,12,1
190501,2,0,13,7,0
191001,0,31,2,0,0
191001,1,117,2,13,0
191001,2,0,12,7,0
191501,0,31,2,0,0
191501,1,118,2,13,0
191501,2,0,13,6,0
192001,0,31,1,0,0
192001,1,119,2,14,0
192001,2,0,13,6,0
192501,0,30,1,0,0
192501,1,119,2,14,0
192501,2,0,13,6,0
193001,0,29,1,0,0
193001,1,120,2,13,1
193001,2,0,13,6,0
193501,0,28,1,0,0
193501,1,120,2,14,0
193501,2,0,13,6,0
194001,0,27,0,0,0
194001,1,119,2,14,0
194001,2,0,12,7,0
194501,0,27,0,0,0
194501,1,119,2,14,0
194501,2,0,12,8,0
195001,0,27,0,0,0
195001,1,119,2,13,1
195001,2,0,12,8,0
195501,0,25,0,0,0
195501,1,120,2,13,1
195501,2,0,12,7,1
196001,0,24,0,0,0
196001,1,122,2,12,2
196001,2,0,11,9,0
196501,0,23,0,0,0
196501,1,122,2,13,1
196501,2,0,10,9,0
197001,0,23,0,0,0
197001,1,122,2,13,1
197001,2,0,10,9,0
197501,0,23,0,0,0
197501,1,123,2,12,1
197501,2,0,11,9,0
198001,0,23,0,0,0
198001,1,124,2,12,1
198001,2,0,11,8,0
198501,0,23,0,0,0
198501,1,124,2,13,0
198501,2,0,12,8,0
199001,0,23,0,0,0
199001,1,125,2,13,0
199001,2,0,11,9,0
199501,0,22,0,0,0
199501,1,127,2,13,0
199501,2,0,11,9,0
200001,0,21,0,0,0
200001,1,128,2,12,1
200001,2,0,10,9,0
200501,0,21,0,0,0
200501,1,128,2,12,1
200501,2,0,8,10,0
201001,0,20,0,0,0
201001,1,128,2,12,0
201001,2,0,11,9,0
201501,0,20,1,0,0
201501,1,128,2,10,1
201501,2,0,11,9,0
202001,0,19,1,0,0
202001,1,128,2,10,1
202001,2,0,12,8,1
202501,0,18,2,0,0
202501,1,128,2,9,1
202501,2,0,12,9,0
203001,0,18,3,0,0
203001,1,129,2,9,1
203001,2,0,13,7,1
203501,0,18,3,0,0
203501,1,130,2,9,1
203501,2,0,12,9,0
204001,0,18,3,0,0
204001,1,130,2,9,1
204001,2,0,12,9,0
204501,0,17,3,0,0
204501,1,131,2,9,1
204501,2,0,13,9,0
205001,0,16,3,0,0
205001,1,131,2,9,1
205001,2,0,13,9,0
205501,0,16,3,0,0
205501,1,132,2,9,1
205501,2,0,13,8,1
206001,0,15,3,0,0
206001,1,133,2,7,3
206001,2,0,13,9,0
206501,0,15,3,0,0
206501,1,134,2,9,1
206501,2,0,12,7,1
207001,0,15,3,0,0
207001,1,134,2,9,1
207001,2,0,13,8,0
207501,0,15,3,0,0
207501,1,134,3,9,1
207501,2,0,13,7,0
208001,0,15,3,0,0
208001,1,135,3,7,3
208001,2,0,13,7,0
208501,0,15,3,0,0
208501,1,136,3,7,3
208501,2,0,12,8,0
209001,0,15,3,0,0
209001,1,136,3,8,2
209001,2,0,12,8,0
209501,0,15,3,0,0
209501,1,137,3,6,4
209501,2,0,12,8,0
210001,0,15,3,0,0
210001,1,136,3,10,1
210001,2,0,11,9,0
210501,0,13,3,0,0
210501,1,136,3,10,1
210501,2,0,11,9,0
211001,0,13,3,0,0
211001,1,136,3,10,1
211001,2,0,12,9,0
211501,0,13,3,0,0
211501,1,136,3,9,2
211501,2,0,13,9,0
212001,0,12,4,0,0
212001,1,136,3,9,1
212001,2,0,13,9,0
212501,0,12,4,0,0
212501,1,136,3,9,1
212501,2,0,13,9,0
213001,0,12,4,0,0
213001,1,136,3,9,1
213001,2,0,11,10,1
213501,0,12,4,0,0
213501,1,136,3,8,2
213501,2,0,11,11,0
214001,0,12,4,0,0
214001,1,138,3,8,2
214001,2,0,10,12,0
214501,0,11,4,0,0
214501,1,138,3,8,2
214501,2,0,11,12,0
215001,0,11,4,0,0
215001,1,138,3,9,1
215001,2,0,12,12,0
215501,0,11,3,0,0
215501,1,139,3,10,1
215501,2,0,12,12,0
216001,0,10,2,0,0
216001,1,139,3,11,1
216001,2,0,12,10,2
216501,0,9,2,0,0
216501,1,139,3,11,1
216501,2,0,12,12,0
217001,0,9,2,0,0
217001,1,139,3,11,1
217001,2,0,12,12,0
217501,0,7,2,0,0
217501,1,138,3,13,0
217501,2,0,12,12,0
218001,0,7,2,0,0
218001,1,139,3,12,1
218001,2,0,12,12,0
218501,0,7,2,0,0
218501,1,139,3,12,1
218501,2,0,11,11,1
219001,0,7,2,0,0
219001,1,139,3,13,0
219001,2,0,11,9,2
219501,0,7,2,0,0
219501,1,141,3,10,2
219501,2,0,11,12,0
220001,0,7,2,0,0
220001,1,142,3,11,1
220001,2,0,11,10,1
220501,0,7,2,0,0
220501,1,143,3,11,1
220501,2,0,11,11,0
221001,0,7,1,0,0
221001,1,144,3,11,1
221001,2,0,11,11,0
221501,0,7,2,0,0
221501,1,143,3,10,1
221501,2,0,11,11,0
222001,0,7,2,0,0
222001,1,143,3,10,0
222001,2,0,13,11,0
222501,0,7,2,0,0
222501,1,143,3,10,0
222501,2,0,13,11,0
223001,0,7,2,0,0
223001,1,143,3,10,0
223001,2,0,14,10,0
223501,0,6,2,0,0
223501,1,143,3,10,0
223501,2,0,14,10,0
224001,0,5,2,0,0
224001,1,143,3,9,1
224001,2,0,13,10,0
224501,0,4,2,0,0
224501,1,144,2,10,1
224501,2,0,14,10,0
225001,0,4,2,0,0
225001,1,144,2,9,2
225001,2,0,15,10,0
225501,0,4,2,0,0
225501,1,144,2,8,2
225501,2,1,16,9,1
226001,0,4,2,0,0
226001,1,145,2,8,2
226001,2,1,15,11,0
226501,0,4,2,0,0
226501,1,145,2,9,1
226501,2,1,15,11,0
227001,0,4,2,0,0
227001,1,146,2,7,2
227001,2,1,15,10,1
227501,0,1,1,0,0
227501,1,147,2,8,2
227501,2,1,15,10,1
228001,0,1,2,0,0
228001,1,147,2,8,1
228001,2,1,15,10,1
228501,0,1,2,0,0
228501,1,147,2,8,1
228501,2,0,14,11,0
229001,0,1,2,0,0
229001,1,147,2,8,1
229001,2,0,12,10,1
229501,0,1,2,0,0
229501,1,147,2,8,1
229501,2,0,13,11,0
230001,0,1,2,0,0
230001,1,147,2,8,1
230001,2,0,13,11,0
230501,0,1,2,0,0
230501,1,148,2,6,3
230501,2,0,12,11,1
231001,0,1,2,0,0
231001,1,150,2,7,2
231001,2,0,13,12,0
231501,0,1,2,0,0
231501,1,150,2,7,2
231501,2,0,13,12,0
232001,0,1,2,0,0
232001,1,150,2,8,1
232001,2,1,13,12,0
232501,0,1,2,0,0
232501,1,151,2,6,3
232501,2,2,13,11,1
233001,0,1,2,0,0
233001,1,151,2,6,3
233001,2,2,13,11,1
233501,0,1,2,0,0
233501,1,150,2,8,2
233501,2,2,13,11,1
234001,0,1,3,0,0
234001,1,149,2,9,1
234001,2,2,12,11,1
234501,0,1,4,0,0
234501,1,149,2,9,1
234501,2,1,12,9,1
235001,0,1,5,0,0
235001,1,149,2,9,1
235001,2,1,12,8,1
235501,0,1,5,0,0
235501,1,149,2,9,1
235501,2,1,12,8,1
236001,0,1,5,0,0
236001,1,149,2,8,2
236001,2,1,12,8,1
236501,0,1,5,0,0
236501,1,149,2,8,1
236501,2,1,11,9,1
237001,0,1,5,0,0
237001,1,149,2,8,1
237001,2,1,11,9,1
237501,0,1,4,0,0
237501,1,150,2,8,2
237501,2,2,9,10,1
238001,0,1,4,0,0
238001,1,150,2,9,1
238001,2,2,9,9,1
238501,0,1,4,0,0
238501,1,150,2,8,2
238501,2,2,9,7,2
239001,0,1,4,0,0
239001,1,150,2,9,1
239001,2,2,9,8,1
