Tick,AntId,State,PosX,PosY,PosZ
1,0,Inactive,39,0.1,24
1,1,Inactive,38.9963,0.1,24.2015
1,2,Inactive,39,0.1,24.4
1,3,Inactive,38.996,0.1,24.5996
1,4,Inactive,38.996,0.1,24.8003
1,5,Inactive,38.9963,0.1,24.9985
1,6,Inactive,38.9965,0.1,25.1981
1,7,Inactive,38.996,0.1,25.3994
1,8,Inactive,39,0.1,25.6
1,9,Inactive,38.9976,0.1,25.8032
1,10,Inactive,39,0.1,26
1,11,Inactive,38.9977,0.1,26.1967
1,12,Inactive,38.996,0.1,26.4005
1,13,Inactive,38.9972,0.1,26.5972
1,14,Inactive,39.0021,0.1,26.8034
1,15,Inactive,39.1965,0.1,23.998
1,16,Inactive,39.2024,0.1,24.2032
1,17,Inactive,39.1979,0.1,24.3966
1,18,Inactive,39.2034,0.1,24.6021
1,19,Inactive,39.2034,0.1,24.8022
1,20,Inactive,39.2,0.1,25
1,21,Inactive,39.1976,0.1,25.2032
1,22,Inactive,39.2,0.1,25.4
1,23,Inactive,39.1966,0.1,25.5979
1,24,Inactive,39.2023,0.1,25.7968
1,25,Inactive,39.2,0.1,26
1,26,Inactive,39.2,0.1,26.2
1,27,Inactive,39.2,0.1,26.4
1,28,Inactive,39.2,0.1,26.6
1,29,Inactive,39.2,0.1,26.8
1,30,Inactive,39.4,0.1,24
1,31,Inactive,39.4,0.1,24.2
1,32,Inactive,39.4,0.1,24.4
1,33,Inactive,39.403,0.1,24.6026
1,34,Inactive,39.4,0.1,24.8
1,35,Inactive,39.4,0.1,25
1,36,Inactive,39.3969,0.1,25.2025
1,37,Inactive,39.4,0.1,25.4
1,38,Inactive,39.4,0.1,25.6
1,39,Inactive,39.4,0.1,25.8
1,40,Inactive,39.4,0.1,26
1,41,Inactive,39.4,0.1,26.2
1,42,Inactive,39.3971,0.1,26.3972
1,43,Inactive,39.3985,0.1,26.6037
1,44,Inactive,39.4,0.1,26.8
1,45,Inactive,39.6029,0.1,24.0027
1,46,Inactive,39.6,0.1,24.2
1,47,Inactive,39.5966,0.1,24.3978
1,48,Inactive,39.6,0.1,24.6
1,49,Inactive,39.6,0.1,24.8
1,50,Inactive,39.6,0.1,25
1,51,Inactive,39.6,0.1,25.2
1,52,Inactive,39.6,0.1,25.4
1,53,Inactive,39.6,0.1,25.6
1,54,Inactive,39.6,0.1,25.8
1,55,Inactive,39.6,0.1,26
1,56,Inactive,39.6,0.1,26.2
1,57,Inactive,39.6,0.1,26.4
1,58,Inactive,39.6,0.1,26.6
1,59,Inactive,39.6,0.1,26.8
1,60,Inactive,39.8,0.1,24
1,61,Inactive,39.8,0.1,24.2
1,62,Inactive,39.8,0.1,24.4
1,63,Inactive,39.8,0.1,24.6
1,64,Inactive,39.8,0.1,24.8
1,65,Inactive,39.8,0.1,25
1,66,Inactive,39.8,0.1,25.2
1,67,Inactive,39.8,0.1,25.4
1,68,Inactive,39.8,0.1,25.6
1,69,Inactive,39.8,0.1,25.8
1,70,Inactive,39.8,0.1,26
1,71,Inactive,39.8,0.1,26.2
1,72,Inactive,39.8,0.1,26.4
1,73,Inactive,39.8,0.1,26.6
1,74,Inactive,39.8,0.1,26.8
1,75,Inactive,40,0.1,24
1,76,Inactive,40,0.1,24.2
1,77,Inactive,40,0.1,24.4
1,78,Inactive,40,0.1,24.6
1,79,Inactive,40,0.1,24.8
1,80,Inactive,40,0.1,25
1,81,Inactive,40,0.1,25.2
1,82,Inactive,40,0.1,25.4
1,83,Inactive,40,0.1,25.6
1,84,Inactive,40,0.1,25.8
1,85,Inactive,40,0.1,26
1,86,Inactive,40,0.1,26.2
1,87,Inactive,40,0.1,26.4
1,88,Inactive,40,0.1,26.6
1,89,Inactive,40,0.1,26.8
1,90,Inactive,40.2,0.1,24
1,91,Inactive,40.2,0.1,24.2
1,92,Inactive,40.2,0.1,24.4
1,93,Inactive,40.2,0.1,24.6
1,94,Inactive,40.2,0.1,24.8
1,95,Inactive,40.2,0.1,25
1,96,Inactive,40.2,0.1,25.2
1,97,Inactive,40.2,0.1,25.4
1,98,Inactive,40.2,0.1,25.6
1,99,Inactive,40.2,0.1,25.8
1,100,Inactive,40.2,0.1,26
1,101,Inactive,40.2,0.1,26.2
1,102,Inactive,40.2,0.1,26.4
1,103,Inactive,40.2,0.1,26.6
1,104,Inactive,40.2,0.1,26.8
1,105,Inactive,40.4,0.1,24
1,106,Inactive,40.4,0.1,24.2
1,107,Inactive,40.4,0.1,24.4
1,108,Inactive,40.4,0.1,24.6
1,109,Inactive,40.4,0.1,24.8
1,110,Inactive,40.4,0.1,25
1,111,Inactive,40.4,0.1,25.2
1,112,Inactive,40.4,0.1,25.4
1,113,Inactive,40.4,0.1,25.6
1,114,Inactive,40.4,0.1,25.8
1,115,Inactive,40.4,0.1,26
1,116,Inactive,40.4,0.1,26.2
1,117,Inactive,40.4,0.1,26.4
1,118,Inactive,40.4,0.1,26.6
1,119,Inactive,40.4,0.1,26.8
1,120,Inactive,40.6,0.1,24
1,121,Inactive,40.6,0.1,24.2
1,122,Inactive,40.6,0.1,24.4
1,123,Inactive,40.6,0.1,24.6
1,124,Inactive,40.6,0.1,24.8
1,125,Inactive,40.6,0.1,25
1,126,Inactive,40.6,0.1,25.2
1,127,Inactive,40.6,0.1,25.4
1,128,Inactive,40.6,0.1,25.6
1,129,Inactive,40.6,0.1,25.8
1,130,Inactive,40.6,0.1,26
1,131,Inactive,40.6,0.1,26.2
1,132,Inactive,40.6,0.1,26.4
1,133,Inactive,40.6,0.1,26.6
1,134,Inactive,40.6,0.1,26.8
1,135,Inactive,40.8,0.1,24
1,136,Inactive,40.8,0.1,24.2
1,137,Inactive,40.8,0.1,24.4
1,138,Inactive,40.8,0.1,24.6
1,139,Inactive,40.8,0.1,24.8
1,140,Inactive,40.8,0.1,25
1,141,Inactive,40.8,0.1,25.2
1,142,Inactive,40.8,0.1,25.4
1,143,Inactive,40.8,0.1,25.6
1,144,Inactive,40.8,0.1,25.8
1,145,Inactive,40.8,0.1,26
1,146,Inactive,40.8,0.1,26.2
1,147,Inactive,40.8,0.1,26.4
1,148,Inactive,40.8,0.1,26.6
1,149,Inactive,40.8,0.1,26.8
1,150,Inactive,41,0.1,24
1,151,Inactive,41,0.1,24.2
1,152,Inactive,41,0.1,24.4
1,153,Inactive,41,0.1,24.6
1,154,Inactive,41,0.1,24.8
1,155,Inactive,41,0.1,25
1,156,Inactive,41,0.1,25.2
1,157,Inactive,41,0.1,25.4
1,158,Inactive,41,0.1,25.6
1,159,Inactive,41,0.1,25.8
1,160,Inactive,41,0.1,26
1,161,Inactive,41,0.1,26.2
1,162,Inactive,41,0.1,26.4
1,163,Inactive,41,0.1,26.6
1,164,Inactive,41,0.1,26.8
1,165,Inactive,41.2,0.1,24
1,166,Inactive,41.2,0.1,24.2
1,167,Inactive,41.2,0.1,24.4
1,168,Inactive,41.2,0.1,24.6
1,169,Inactive,41.2,0.1,24.8
1,170,Inactive,41.2,0.1,25
1,171,Inactive,41.2,0.1,25.2
1,172,Inactive,41.2,0.1,25.4
1,173,Inactive,41.2,0.1,25.6
1,174,Inactive,41.2,0.1,25.8
1,175,Inactive,41.2,0.1,26
1,176,Inactive,41.2,0.1,26.2
1,177,Inactive,41.2,0.1,26.4
1,178,Inactive,41.2,0.1,26.6
1,179,Inactive,41.2,0.1,26.8
1,180,Inactive,41.4,0.1,24
1,181,Inactive,41.4,0.1,24.2
1,182,Inactive,41.4,0.1,24.4
1,183,Inactive,41.4,0.1,24.6
1,184,Inactive,41.4,0.1,24.8
1,185,Inactive,41.4,0.1,25
1,186,Inactive,41.4,0.1,25.2
1,187,Inactive,41.4,0.1,25.4
1,188,Inactive,41.4,0.1,25.6
1,189,Inactive,41.4,0.1,25.8
1,190,Inactive,41.4,0.1,26
1,191,Inactive,41.4,0.1,26.2
1,192,Inactive,41.4,0.1,26.4
1,193,Inactive,41.4,0.1,26.6
1,194,Inactive,41.4,0.1,26.8
1,195,Inactive,41.6,0.1,24
1,196,Inactive,41.6,0.1,24.2
1,197,Inactive,41.6,0.1,24.4
1,198,Inactive,41.6,0.1,24.6
1,199,Inactive,41.6,0.1,24.8
501,0,Inactive,37.842,0.1,23.0754
501,1,Inactive,37.4817,0.1,24.4507
501,2,Inactive,37.7876,0.1,25.2713
501,3,Inactive,39.0874,0.1,25.628
501,4,Inactive,40.0155,0.1,23.607
501,5,Inactive,37.5121,0.1,25.3128
501,6,Inactive,38.5783,0.1,23.9974
501,7,Inactive,39.2284,0.1,25.134
501,8,Inactive,38.6982,0.1,26.8018
501,9,Inactive,37.3993,0.1,25.586
501,10,Inactive,40.5862,0.1,26.8936
501,11,Inactive,38.0132,0.1,26.3108
501,12,Inactive,39.6585,0.1,26.0707
501,13,Inactive,38.4485,0.1,26.2441
501,14,Inactive,40.4596,0.1,27.0374
501,15,Inactive,39.5284,0.1,22.2717
501,16,Inactive,39.4849,0.1,23.5827
501,17,Inactive,37.6091,0.1,24.6452
501,18,Inactive,39.5917,0.1,25.9009
501,19,Inactive,39.8799,0.1,25.5552
501,20,Inactive,38.7816,0.1,24.3673
501,21,Inactive,40.1492,0.1,25.2179
501,22,Inactive,39.3948,0.1,25.5467
501,23,Inactive,40.4618,0.1,26.0753
501,24,Inactive,40.8364,0.1,26.0538
501,25,Inactive,39.9096,0.1,26.1204
501,26,Inactive,37.6925,0.1,25.51
501,27,Inactive,38.4158,0.1,27.7517
501,28,Inactive,39.3748,0.1,26.0759
501,29,Inactive,38.2212,0.1,27.0489
501,30,Inactive,40.7849,0.1,23.9832
501,31,Inactive,38.8871,0.1,22.6676
501,32,Inactive,40.6362,0.1,23.6075
501,33,Inactive,40.697,0.1,25.5765
501,34,Inactive,38.8378,0.1,23.903
501,35,Inactive,39.8763,0.1,24.4399
501,36,Inactive,40.619,0.1,24.0704
501,37,Inactive,39.6417,0.1,25.0501
501,38,Inactive,39.983,0.1,25.5221
501,39,Inactive,41.0238,0.1,26.4928
501,40,Inactive,40.8319,0.1,27.2043
501,41,Inactive,39.7072,0.1,25.4169
501,42,Inactive,39.1983,0.1,27.8424
501,43,Inactive,38.6391,0.1,26.8685
501,44,Inactive,39.347,0.1,27.3033
501,45,Inactive,40.5083,0.1,24.3875
501,46,Inactive,38.2795,0.1,24.0238
501,47,Inactive,39.7311,0.1,25.3151
501,48,Inactive,41.2516,0.1,24.0937
501,49,Inactive,40.9176,0.1,25.2724
501,50,Inactive,39.6,0.1,25
501,51,Inactive,39.6,0.1,25.2
501,52,Inactive,39.6,0.1,25.4
501,53,Inactive,39.6,0.1,25.6
501,54,Inactive,39.6,0.1,25.8
501,55,Inactive,39.6,0.1,26
501,56,Inactive,39.6,0.1,26.2
501,57,Inactive,39.6,0.1,26.4
501,58,Inactive,39.6,0.1,26.6
501,59,Inactive,39.6,0.1,26.8
501,60,Inactive,39.8,0.1,24
501,61,Inactive,39.8,0.1,24.2
501,62,Inactive,39.8,0.1,24.4
501,63,Inactive,39.8,0.1,24.6
501,64,Inactive,39.8,0.1,24.8
501,65,Inactive,39.8,0.1,25
501,66,Inactive,39.8,0.1,25.2
501,67,Inactive,39.8,0.1,25.4
501,68,Inactive,39.8,0.1,25.6
501,69,Inactive,39.8,0.1,25.8
501,70,Inactive,39.8,0.1,26
501,71,Inactive,39.8,0.1,26.2
501,72,Inactive,39.8,0.1,26.4
501,73,Inactive,39.8,0.1,26.6
501,74,Inactive,39.8,0.1,26.8
501,75,Inactive,40,0.1,24
501,76,Inactive,40,0.1,24.2
501,77,Inactive,40,0.1,24.4
501,78,Inactive,40,0.1,24.6
501,79,Inactive,40,0.1,24.8
501,80,Inactive,40,0.1,25
501,81,Inactive,40,0.1,25.2
501,82,Inactive,40,0.1,25.4
501,83,Inactive,40,0.1,25.6
501,84,Inactive,40,0.1,25.8
501,85,Inactive,40,0.1,26
501,86,Inactive,40,0.1,26.2
501,87,Inactive,40,0.1,26.4
501,88,Inactive,40,0.1,26.6
501,89,Inactive,40,0.1,26.8
501,90,Inactive,40.2,0.1,24
501,91,Inactive,40.2,0.1,24.2
501,92,Inactive,40.2,0.1,24.4
501,93,Inactive,40.2,0.1,24.6
501,94,Inactive,40.2,0.1,24.8
501,95,Inactive,40.2,0.1,25
501,96,Inactive,40.2,0.1,25.2
501,97,Inactive,40.2,0.1,25.4
501,98,Inactive,40.2,0.1,25.6
501,99,Inactive,40.2,0.1,25.8
501,100,Inactive,40.2,0.1,26
501,101,Inactive,40.2,0.1,26.2
501,102,Inactive,40.2,0.1,26.4
501,103,Inactive,40.2,0.1,26.6
501,104,Inactive,40.2,0.1,26.8
501,105,Inactive,40.4,0.1,24
501,106,Inactive,40.4,0.1,24.2
501,107,Inactive,40.4,0.1,24.4
501,108,Inactive,40.4,0.1,24.6
501,109,Inactive,40.4,0.1,24.8
501,110,Inactive,40.4,0.1,25
501,111,Inactive,40.4,0.1,25.2
501,112,Inactive,40.4,0.1,25.4
501,113,Inactive,40.4,0.1,25.6
501,114,Inactive,40.4,0.1,25.8
501,115,Inactive,40.4,0.1,26
501,116,Inactive,40.4,0.1,26.2
501,117,Inactive,40.4,0.1,26.4
501,118,Inactive,40.4,0.1,26.6
501,119,Inactive,40.4,0.1,26.8
501,120,Inactive,40.6,0.1,24
501,121,Inactive,40.6,0.1,24.2
501,122,Inactive,40.6,0.1,24.4
501,123,Inactive,40.6,0.1,24.6
501,124,Inactive,40.6,0.1,24.8
501,125,Inactive,40.6,0.1,25
501,126,Inactive,40.6,0.1,25.2
501,127,Inactive,40.6,0.1,25.4
501,128,Inactive,40.6,0.1,25.6
501,129,Inactive,40.6,0.1,25.8
501,130,Inactive,40.6,0.1,26
501,131,Inactive,40.6,0.1,26.2
501,132,Inactive,40.6,0.1,26.4
501,133,Inactive,40.6,0.1,26.6
501,134,Inactive,40.6,0.1,26.8
501,135,Inactive,40.8,0.1,24
501,136,Inactive,40.8,0.1,24.2
501,137,Inactive,40.8,0.1,24.4
501,138,Inactive,40.8,0.1,24.6
501,139,Inactive,40.8,0.1,24.8
501,140,Inactive,40.8,0.1,25
501,141,Inactive,40.8,0.1,25.2
501,142,Inactive,40.8,0.1,25.4
501,143,Inactive,40.8,0.1,25.6
501,144,Inactive,40.8,0.1,25.8
501,145,Inactive,40.8,0.1,26
501,146,Inactive,40.8,0.1,26.2
501,147,Inactive,40.8,0.1,26.4
501,148,Inactive,40.8,0.1,26.6
501,149,Inactive,40.8,0.1,26.8
501,150,Inactive,41,0.1,24
501,151,Inactive,41,0.1,24.2
501,152,Inactive,41,0.1,24.4
501,153,Inactive,41,0.1,24.6
501,154,Inactive,41,0.1,24.8
501,155,Inactive,41,0.1,25
501,156,Inactive,41,0.1,25.2
501,157,Inactive,41,0.1,25.4
501,158,Inactive,41,0.1,25.6
501,159,Inactive,41,0.1,25.8
501,160,Inactive,41,0.1,26
501,161,Inactive,41,0.1,26.2
501,162,Inactive,41,0.1,26.4
501,163,Inactive,41,0.1,26.6
501,164,Inactive,41,0.1,26.8
501,165,Inactive,41.2,0.1,24
501,166,Inactive,41.2,0.1,24.2
501,167,Inactive,41.2,0.1,24.4
501,168,Inactive,41.2,0.1,24.6
501,169,Inactive,41.2,0.1,24.8
501,170,Inactive,41.2,0.1,25
501,171,Inactive,41.2,0.1,25.2
501,172,Inactive,41.2,0.1,25.4
501,173,Inactive,41.2,0.1,25.6
501,174,Inactive,41.2,0.1,25.8
501,175,Inactive,41.2,0.1,26
501,176,Inactive,41.2,0.1,26.2
501,177,Inactive,41.2,0.1,26.4
501,178,Inactive,41.2,0.1,26.6
501,179,Inactive,41.2,0.1,26.8
501,180,Inactive,41.4,0.1,24
501,181,Inactive,41.4,0.1,24.2
501,182,Inactive,41.4,0.1,24.4
501,183,Inactive,41.4,0.1,24.6
501,184,Inactive,41.4,0.1,24.8
501,185,Inactive,41.4,0.1,25
501,186,Inactive,41.4,0.1,25.2
501,187,Inactive,41.4,0.1,25.4
501,188,Inactive,41.4,0.1,25.6
501,189,Inactive,41.4,0.1,25.8
501,190,Inactive,41.4,0.1,26
501,191,Inactive,41.4,0.1,26.2
501,192,Inactive,41.4,0.1,26.4
501,193,Inactive,41.4,0.1,26.6
501,194,Inactive,41.4,0.1,26.8
501,195,Inactive,41.6,0.1,24
501,196,Inactive,41.6,0.1,24.2
501,197,Inactive,41.6,0.1,24.4
501,198,Inactive,41.6,0.1,24.6
501,199,Inactive,41.6,0.1,24.8
1001,0,Inactive,38.5152,0.1,21.8233
1001,1,Inactive,38.4862,0.1,24.4916
1001,2,Inactive,38.3975,0.1,26.5027
1001,3,Inactive,39.4065,0.1,24.7906
1001,4,Inactive,38.9501,0.1,22.1221
1001,5,Inactive,37.5402,0.1,24.9349
1001,6,Inactive,39.4611,0.1,23.139
1001,7,Inactive,38.9805,0.1,23.3392
1001,8,Inactive,38.9323,0.1,27.6792
1001,9,Inactive,38.3461,0.1,24.7206
1001,10,Inactive,42.1934,0.1,26.445
1001,11,Inactive,39.1948,0.1,25.5096
1001,12,Inactive,40.9405,0.1,24.9744
1001,13,Inactive,38.7533,0.1,26.3417
1001,14,Inactive,39.8008,0.1,28.3582
1001,15,Inactive,41.4672,0.1,22.1096
1001,16,Inactive,38.7322,0.1,21.8328
1001,17,Inactive,38.4352,0.1,24.8383
1001,18,Inactive,38.5442,0.1,24.6405
1001,19,Inactive,39.3602,0.1,26.3569
1001,20,Inactive,39.7596,0.1,25.9823
1001,21,Inactive,40.0484,0.1,24.7683
1001,22,Inactive,38.7331,0.1,24.1225
1001,23,Inactive,40.7269,0.1,26.6307
1001,24,Inactive,41.1827,0.1,27.7688
1001,25,Inactive,41.4136,0.1,24.8963
1001,26,Inactive,38.9806,0.1,26.5698
1001,27,Inactive,37.8971,0.1,28.3652
1001,28,Inactive,39.0684,0.1,25.2023
1001,29,Inactive,38.1574,0.1,27.5561
1001,30,Inactive,40.6032,0.1,23.4898
1001,31,Inactive,39.9007,0.1,22.2028
1001,32,Inactive,41.5024,0.1,24.7052
1001,33,Inactive,41.7655,0.1,26.0795
1001,34,Inactive,39.8492,0.1,24.6207
1001,35,Inactive,39.9976,0.1,23.7335
1001,36,Inactive,39.6965,0.1,23.7584
1001,37,Inactive,39.0892,0.1,24.4369
1001,38,Inactive,40.1218,0.1,26.7669
1001,39,Inactive,41.7615,0.1,25.3611
1001,40,Inactive,42.0766,0.1,26.9416
1001,41,Inactive,38.8473,0.1,26.8106
1001,42,Inactive,37.836,0.1,27.0953
1001,43,Inactive,38.1526,0.1,25.6666
1001,44,Inactive,40.1052,0.1,28.4811
1001,45,Inactive,39.8259,0.1,22.6341
1001,46,Inactive,37.8996,0.1,23.9236
1001,47,Inactive,40.2485,0.1,25.7153
1001,48,Inactive,41.0262,0.1,24.6746
1001,49,Inactive,42.2269,0.1,25.7341
1001,50,Inactive,39.6,0.1,25
1001,51,Inactive,39.6,0.1,25.2
1001,52,Inactive,39.6,0.1,25.4
1001,53,Inactive,39.6,0.1,25.6
1001,54,Inactive,39.6,0.1,25.8
1001,55,Inactive,39.6,0.1,26
1001,56,Inactive,39.6,0.1,26.2
1001,57,Inactive,39.6,0.1,26.4
1001,58,Inactive,39.6,0.1,26.6
1001,59,Inactive,39.6,0.1,26.8
1001,60,Inactive,39.8,0.1,24
1001,61,Inactive,39.8,0.1,24.2
1001,62,Inactive,39.8,0.1,24.4
1001,63,Inactive,39.8,0.1,24.6
1001,64,Inactive,39.8,0.1,24.8
1001,65,Inactive,39.8,0.1,25
1001,66,Inactive,39.8,0.1,25.2
1001,67,Inactive,39.8,0.1,25.4
1001,68,Inactive,39.8,0.1,25.6
1001,69,Inactive,39.8,0.1,25.8
1001,70,Inactive,39.8,0.1,26
1001,71,Inactive,39.8,0.1,26.2
1001,72,Inactive,39.8,0.1,26.4
1001,73,Inactive,39.8,0.1,26.6
1001,74,Inactive,39.8,0.1,26.8
1001,75,Inactive,40,0.1,24
1001,76,Inactive,40,0.1,24.2
1001,77,Inactive,40,0.1,24.4
1001,78,Inactive,40,0.1,24.6
1001,79,Inactive,40,0.1,24.8
1001,80,Inactive,40,0.1,25
1001,81,Inactive,40,0.1,25.2
1001,82,Inactive,40,0.1,25.4
1001,83,Inactive,40,0.1,25.6
1001,84,Inactive,40,0.1,25.8
1001,85,Inactive,40,0.1,26
1001,86,Inactive,40,0.1,26.2
1001,87,Inactive,40,0.1,26.4
1001,88,Inactive,40,0.1,26.6
1001,89,Inactive,40,0.1,26.8
1001,90,Inactive,40.2,0.1,24
1001,91,Inactive,40.2,0.1,24.2
1001,92,Inactive,40.2,0.1,24.4
1001,93,Inactive,40.2,0.1,24.6
1001,94,Inactive,40.2,0.1,24.8
1001,95,Inactive,40.2,0.1,25
1001,96,Inactive,40.2,0.1,25.2
1001,97,Inactive,40.2,0.1,25.4
1001,98,Inactive,40.2,0.1,25.6
1001,99,Inactive,40.2,0.1,25.8
1001,100,Inactive,40.2,0.1,26
1001,101,Inactive,40.2,0.1,26.2
1001,102,Inactive,40.2,0.1,26.4
1001,103,Inactive,40.2,0.1,26.6
1001,104,Inactive,40.2,0.1,26.8
1001,105,Inactive,40.4,0.1,24
1001,106,Inactive,40.4,0.1,24.2
1001,107,Inactive,40.4,0.1,24.4
1001,108,Inactive,40.4,0.1,24.6
1001,109,Inactive,40.4,0.1,24.8
1001,110,Inactive,40.4,0.1,25
1001,111,Inactive,40.4,0.1,25.2
1001,112,Inactive,40.4,0.1,25.4
1001,113,Inactive,40.4,0.1,25.6
1001,114,Inactive,40.4,0.1,25.8
1001,115,Inactive,40.4,0.1,26
1001,116,Inactive,40.4,0.1,26.2
1001,117,Inactive,40.4,0.1,26.4
1001,118,Inactive,40.4,0.1,26.6
1001,119,Inactive,40.4,0.1,26.8
1001,120,Inactive,40.6,0.1,24
1001,121,Inactive,40.6,0.1,24.2
1001,122,Inactive,40.6,0.1,24.4
1001,123,Inactive,40.6,0.1,24.6
1001,124,Inactive,40.6,0.1,24.8
1001,125,Inactive,40.6,0.1,25
1001,126,Inactive,40.6,0.1,25.2
1001,127,Inactive,40.6,0.1,25.4
1001,128,Inactive,40.6,0.1,25.6
1001,129,Inactive,40.6,0.1,25.8
1001,130,Inactive,40.6,0.1,26
1001,131,Inactive,40.6,0.1,26.2
1001,132,Inactive,40.6,0.1,26.4
1001,133,Inactive,40.6,0.1,26.6
1001,134,Inactive,40.6,0.1,26.8
1001,135,Inactive,40.8,0.1,24
1001,136,Inactive,40.8,0.1,24.2
1001,137,Inactive,40.8,0.1,24.4
1001,138,Inactive,40.8,0.1,24.6
1001,139,Inactive,40.8,0.1,24.8
1001,140,Inactive,40.8,0.1,25
1001,141,Inactive,40.8,0.1,25.2
1001,142,Inactive,40.8,0.1,25.4
1001,143,Inactive,40.8,0.1,25.6
1001,144,Inactive,40.8,0.1,25.8
1001,145,Inactive,40.8,0.1,26
1001,146,Inactive,40.8,0.1,26.2
1001,147,Inactive,40.8,0.1,26.4
1001,148,Inactive,40.8,0.1,26.6
1001,149,Inactive,40.8,0.1,26.8
1001,150,Inactive,41,0.1,24
1001,151,Inactive,41,0.1,24.2
1001,152,Inactive,41,0.1,24.4
1001,153,Inactive,41,0.1,24.6
1001,154,Inactive,41,0.1,24.8
1001,155,Inactive,41,0.1,25
1001,156,Inactive,41,0.1,25.2
1001,157,Inactive,41,0.1,25.4
1001,158,Inactive,41,0.1,25.6
1001,159,Inactive,41,0.1,25.8
1001,160,Inactive,41,0.1,26
1001,161,Inactive,41,0.1,26.2
1001,162,Inactive,41,0.1,26.4
1001,163,Inactive,41,0.1,26.6
1001,164,Inactive,41,0.1,26.8
1001,165,Inactive,41.2,0.1,24
1001,166,Inactive,41.2,0.1,24.2
1001,167,Inactive,41.2,0.1,24.4
1001,168,Inactive,41.2,0.1,24.6
1001,169,Inactive,41.2,0.1,24.8
1001,170,Inactive,41.2,0.1,25
1001,171,Inactive,41.2,0.1,25.2
1001,172,Inactive,41.2,0.1,25.4
1001,173,Inactive,41.2,0.1,25.6
1001,174,Inactive,41.2,0.1,25.8
1001,175,Inactive,41.2,0.1,26
1001,176,Inactive,41.2,0.1,26.2
1001,177,Inactive,41.2,0.1,26.4
1001,178,Inactive,41.2,0.1,26.6
1001,179,Inactive,41.2,0.1,26.8
1001,180,Inactive,41.4,0.1,24
1001,181,Inactive,41.4,0.1,24.2
1001,182,Inactive,41.4,0.1,24.4
1001,183,Inactive,41.4,0.1,24.6
1001,184,Inactive,41.4,0.1,24.8
1001,185,Inactive,41.4,0.1,25
1001,186,Inactive,41.4,0.1,25.2
1001,187,Inactive,41.4,0.1,25.4
1001,188,Inactive,41.4,0.1,25.6
1001,189,Inactive,41.4,0.1,25.8
1001,190,Inactive,41.4,0.1,26
1001,191,Inactive,41.4,0.1,26.2
1001,192,Inactive,41.4,0.1,26.4
1001,193,Inactive,41.4,0.1,26.6
1001,194,Inactive,41.4,0.1,26.8
1001,195,Inactive,41.6,0.1,24
1001,196,Inactive,41.6,0.1,24.2
1001,197,Inactive,41.6,0.1,24.4
1001,198,Inactive,41.6,0.1,24.6
1001,199,Inactive,41.6,0.1,24.8
1501,0,Scouting,36.0871,0.1,25.3653
1501,1,Inactive,39.4107,0.1,23.6672
1501,2,Inactive,39.6538,0.1,27.353
1501,3,Inactive,39.5979,0.1,24.3327
1501,4,Inactive,37.809,0.1,21.6919
1501,5,Scouting,42.168,0.1,23.5879
1501,6,Inactive,39.1737,0.1,21.6679
1501,7,Inactive,37.8391,0.1,22.5121
1501,8,Scouting,41.2205,0.1,27.221
1501,9,Inactive,37.5599,0.1,24.8199
1501,10,Inactive,42.3205,0.1,24.7479
1501,11,Inactive,37.5507,0.1,25.3311
1501,12,Inactive,41.2295,0.1,24.6889
1501,13,Inactive,37.8831,0.1,27.2974
1501,14,Inactive,39.6305,0.1,26.8941
1501,15,Inactive,42.2261,0.1,23.2561
1501,16,Inactive,37.8192,0.1,21.4848
1501,17,Inactive,37.7993,0.1,23.8685
1501,18,Inactive,38.9006,0.1,23.1369
1501,19,Inactive,41.0744,0.1,26.7772
1501,20,Inactive,38.2509,0.1,25.8684
1501,21,Inactive,40.4394,0.1,23.1262
1501,22,Scouting,38.8789,0.1,21.4989
1501,23,Inactive,42.1747,0.1,26.1082
1501,24,Scouting,41.2956,0.1,28.4065
1501,25,Inactive,40.5956,0.1,26.3081
1501,26,Scouting,38.2651,0.1,28.3985
1501,27,Inactive,39.7997,0.1,28.3637
1501,28,Scouting,42.1917,0.1,25.4804
1501,29,Inactive,37.791,0.1,27.5293
1501,30,Scouting,41.9412,0.1,25.2331
1501,31,Inactive,41.5314,0.1,21.6358
1501,32,Inactive,41.6904,0.1,23.4688
1501,33,Inactive,42.0943,0.1,27.8901
1501,34,Inactive,40.6491,0.1,24.1355
1501,35,Inactive,40.5455,0.1,23.8216
1501,36,Inactive,39.2122,0.1,22.2443
1501,37,Scouting,34.0536,0.1,22.4828
1501,38,Inactive,41.0664,0.1,28.2588
1501,39,Inactive,42.0253,0.1,24.4038
1501,40,Inactive,41.9595,0.1,25.5159
1501,41,Inactive,39.5456,0.1,27.1226
1501,42,Scouting,41.5833,0.1,25.0722
1501,43,Inactive,38.1154,0.1,26.0895
1501,44,Inactive,41.904,0.1,27.8709
1501,45,Scouting,38.6437,0.1,21.6284
1501,46,Inactive,37.7973,0.1,22.7359
1501,47,Inactive,39.8434,0.1,27.2414
1501,48,Inactive,39.4245,0.1,24.7933
1501,49,Inactive,42.2667,0.1,27.4722
1501,50,Inactive,39.6,0.1,25
1501,51,Inactive,39.6,0.1,25.2
1501,52,Inactive,39.6,0.1,25.4
1501,53,Inactive,39.6,0.1,25.6
1501,54,Inactive,39.6,0.1,25.8
1501,55,Inactive,39.6,0.1,26
1501,56,Inactive,39.6,0.1,26.2
1501,57,Inactive,39.6,0.1,26.4
1501,58,Inactive,39.6,0.1,26.6
1501,59,Inactive,39.6,0.1,26.8
1501,60,Inactive,39.8,0.1,24
1501,61,Inactive,39.8,0.1,24.2
1501,62,Inactive,39.8,0.1,24.4
1501,63,Inactive,39.8,0.1,24.6
1501,64,Inactive,39.8,0.1,24.8
1501,65,Inactive,39.8,0.1,25
1501,66,Inactive,39.8,0.1,25.2
1501,67,Inactive,39.8,0.1,25.4
1501,68,Inactive,39.8,0.1,25.6
1501,69,Inactive,39.8,0.1,25.8
1501,70,Inactive,39.8,0.1,26
1501,71,Inactive,39.8,0.1,26.2
1501,72,Inactive,39.8,0.1,26.4
1501,73,Inactive,39.8,0.1,26.6
1501,74,Inactive,39.8,0.1,26.8
1501,75,Inactive,40,0.1,24
1501,76,Inactive,40,0.1,24.2
1501,77,Inactive,40,0.1,24.4
1501,78,Inactive,40,0.1,24.6
1501,79,Inactive,40,0.1,24.8
1501,80,Inactive,40,0.1,25
1501,81,Inactive,40,0.1,25.2
1501,82,Inactive,40,0.1,25.4
1501,83,Inactive,40,0.1,25.6
1501,84,Inactive,40,0.1,25.8
1501,85,Inactive,40,0.1,26
1501,86,Inactive,40,0.1,26.2
1501,87,Inactive,40,0.1,26.4
1501,88,Inactive,40,0.1,26.6
1501,89,Inactive,40,0.1,26.8
1501,90,Inactive,40.2,0.1,24
1501,91,Inactive,40.2,0.1,24.2
1501,92,Inactive,40.2,0.1,24.4
1501,93,Inactive,40.2,0.1,24.6
1501,94,Inactive,40.2,0.1,24.8
1501,95,Inactive,40.2,0.1,25
1501,96,Inactive,40.2,0.1,25.2
1501,97,Inactive,40.2,0.1,25.4
1501,98,Inactive,40.2,0.1,25.6
1501,99,Inactive,40.2,0.1,25.8
1501,100,Inactive,40.2,0.1,26
1501,101,Inactive,40.2,0.1,26.2
1501,102,Inactive,40.2,0.1,26.4
1501,103,Inactive,40.2,0.1,26.6
1501,104,Inactive,40.2,0.1,26.8
1501,105,Inactive,40.4,0.1,24
1501,106,Inactive,40.4,0.1,24.2
1501,107,Inactive,40.4,0.1,24.4
1501,108,Inactive,40.4,0.1,24.6
1501,109,Inactive,40.4,0.1,24.8
1501,110,Inactive,40.4,0.1,25
1501,111,Inactive,40.4,0.1,25.2
1501,112,Inactive,40.4,0.1,25.4
1501,113,Inactive,40.4,0.1,25.6
1501,114,Inactive,40.4,0.1,25.8
1501,115,Inactive,40.4,0.1,26
1501,116,Inactive,40.4,0.1,26.2
1501,117,Inactive,40.4,0.1,26.4
1501,118,Inactive,40.4,0.1,26.6
1501,119,Inactive,40.4,0.1,26.8
1501,120,Inactive,40.6,0.1,24
1501,121,Inactive,40.6,0.1,24.2
1501,122,Inactive,40.6,0.1,24.4
1501,123,Inactive,40.6,0.1,24.6
1501,124,Inactive,40.6,0.1,24.8
1501,125,Inactive,40.6,0.1,25
1501,126,Inactive,40.6,0.1,25.2
1501,127,Inactive,40.6,0.1,25.4
1501,128,Inactive,40.6,0.1,25.6
1501,129,Inactive,40.6,0.1,25.8
1501,130,Inactive,40.6,0.1,26
1501,131,Inactive,40.6,0.1,26.2
1501,132,Inactive,40.6,0.1,26.4
1501,133,Inactive,40.6,0.1,26.6
1501,134,Inactive,40.6,0.1,26.8
1501,135,Inactive,40.8,0.1,24
1501,136,Inactive,40.8,0.1,24.2
1501,137,Inactive,40.8,0.1,24.4
1501,138,Inactive,40.8,0.1,24.6
1501,139,Inactive,40.8,0.1,24.8
1501,140,Inactive,40.8,0.1,25
1501,141,Inactive,40.8,0.1,25.2
1501,142,Inactive,40.8,0.1,25.4
1501,143,Inactive,40.8,0.1,25.6
1501,144,Inactive,40.8,0.1,25.8
1501,145,Inactive,40.8,0.1,26
1501,146,Inactive,40.8,0.1,26.2
1501,147,Inactive,40.8,0.1,26.4
1501,148,Inactive,40.8,0.1,26.6
1501,149,Inactive,40.8,0.1,26.8
1501,150,Inactive,41,0.1,24
1501,151,Inactive,41,0.1,24.2
1501,152,Inactive,41,0.1,24.4
1501,153,Inactive,41,0.1,24.6
1501,154,Inactive,41,0.1,24.8
1501,155,Inactive,41,0.1,25
1501,156,Inactive,41,0.1,25.2
1501,157,Inactive,41,0.1,25.4
1501,158,Inactive,41,0.1,25.6
1501,159,Inactive,41,0.1,25.8
1501,160,Inactive,41,0.1,26
1501,161,Inactive,41,0.1,26.2
1501,162,Inactive,41,0.1,26.4
1501,163,Inactive,41,0.1,26.6
1501,164,Inactive,41,0.1,26.8
1501,165,Inactive,41.2,0.1,24
1501,166,Inactive,41.2,0.1,24.2
1501,167,Inactive,41.2,0.1,24.4
1501,168,Inactive,41.2,0.1,24.6
1501,169,Inactive,41.2,0.1,24.8
1501,170,Inactive,41.2,0.1,25
1501,171,Inactive,41.2,0.1,25.2
1501,172,Inactive,41.2,0.1,25.4
1501,173,Inactive,41.2,0.1,25.6
1501,174,Inactive,41.2,0.1,25.8
1501,175,Inactive,41.2,0.1,26
1501,176,Inactive,41.2,0.1,26.2
1501,177,Inactive,41.2,0.1,26.4
1501,178,Inactive,41.2,0.1,26.6
1501,179,Inactive,41.2,0.1,26.8
1501,180,Inactive,41.4,0.1,24
1501,181,Inactive,41.4,0.1,24.2
1501,182,Inactive,41.4,0.1,24.4
1501,183,Inactive,41.4,0.1,24.6
1501,184,Inactive,41.4,0.1,24.8
1501,185,Inactive,41.4,0.1,25
1501,186,Inactive,41.4,0.1,25.2
1501,187,Inactive,41.4,0.1,25.4
1501,188,Inactive,41.4,0.1,25.6
1501,189,Inactive,41.4,0.1,25.8
1501,190,Inactive,41.4,0.1,26
1501,191,Inactive,41.4,0.1,26.2
1501,192,Inactive,41.4,0.1,26.4
1501,193,Inactive,41.4,0.1,26.6
1501,194,Inactive,41.4,0.1,26.8
1501,195,Inactive,41.6,0.1,24
1501,196,Inactive,41.6,0.1,24.2
1501,197,Inactive,41.6,0.1,24.4
1501,198,Inactive,41.6,0.1,24.6
1501,199,Inactive,41.6,0.1,24.8
2001,0,Scouting,30.0612,0.1,24.1888
2001,1,Scouting,37.9628,0.1,24.6122
2001,2,Scouting,37.8163,0.1,27.7534
2001,3,Scouting,38.1978,0.1,24.7875
2001,4,Inactive,39.4566,0.1,21.9542
2001,5,Scouting,41.0352,0.1,22.9097
2001,6,Scouting,40.8398,0.1,22.2839
2001,7,Scouting,42.0041,0.1,23.4216
2001,8,Scouting,39.2399,0.1,25.6162
2001,9,Scouting,36.7094,0.1,22.4573
2001,10,Scouting,40.927,0.1,28.3341
2001,11,Scouting,39.7385,0.1,25.5347
2001,12,Scouting,42.3403,0.1,27.5122
2001,13,Scouting,37.8914,0.1,26.5161
2001,14,Scouting,34.9464,0.1,21.5984
2001,15,Inactive,42.3042,0.1,25.2138
2001,16,Inactive,37.7292,0.1,23.1096
2001,17,Inactive,38.3225,0.1,22.0606
2001,18,Inactive,38.9494,0.1,21.9859
2001,19,Scouting,39.0428,0.1,26.0662
2001,20,Scouting,36.5601,0.1,24.2551
2001,21,Inactive,41.2957,0.1,21.7838
2001,22,Scouting,36.3322,0.1,28.453
2001,23,Inactive,40.8516,0.1,26.7029
2001,24,Scouting,41.7588,0.1,21.9566
2001,25,Scouting,41.9746,0.1,25.0836
2001,26,Scouting,42.2226,0.1,23.6983
2001,27,Scouting,39.3616,0.1,25.1284
2001,28,Scouting,39.0911,0.1,21.6213
2001,29,Scouting,39.1396,0.1,24.7854
2001,30,Scouting,36.0904,0.1,22.8299
2001,31,Scouting,42.2644,0.1,23.4181
2001,32,Inactive,41.0547,0.1,23.5078
2001,33,Scouting,41.7816,0.1,25.837
2001,34,Scouting,38.5341,0.1,23.3428
2001,35,Scouting,37.4418,0.1,25.0547
2001,36,Scouting,41.9078,0.1,21.513
2001,37,Scouting,28.5372,0.1,18.0434
2001,38,Inactive,41.8062,0.1,27.9044
2001,39,Scouting,39.6819,0.1,23.712
2001,40,Scouting,40.1805,0.1,26.4388
2001,41,Inactive,39.2908,0.1,25.3718
2001,42,Scouting,39.798,0.1,28.3898
2001,43,Scouting,39.5283,0.1,26.466
2001,44,Inactive,41.7949,0.1,26.2981
2001,45,Scouting,38.0363,0.1,23.2304
2001,46,Scouting,41.0351,0.1,25.3834
2001,47,Scouting,37.9178,0.1,28.4675
2001,48,Inactive,39.7584,0.1,26.4557
2001,49,Inactive,41.1796,0.1,27.4622
2001,50,Inactive,39.6,0.1,25
2001,51,Inactive,39.6,0.1,25.2
2001,52,Inactive,39.6,0.1,25.4
2001,53,Inactive,39.6,0.1,25.6
2001,54,Inactive,39.6,0.1,25.8
2001,55,Inactive,39.6,0.1,26
2001,56,Inactive,39.6,0.1,26.2
2001,57,Inactive,39.6,0.1,26.4
2001,58,Inactive,39.6,0.1,26.6
2001,59,Inactive,39.6,0.1,26.8
2001,60,Inactive,39.8,0.1,24
2001,61,Inactive,39.8,0.1,24.2
2001,62,Inactive,39.8,0.1,24.4
2001,63,Inactive,39.8,0.1,24.6
2001,64,Inactive,39.8,0.1,24.8
2001,65,Inactive,39.8,0.1,25
2001,66,Inactive,39.8,0.1,25.2
2001,67,Inactive,39.8,0.1,25.4
2001,68,Inactive,39.8,0.1,25.6
2001,69,Inactive,39.8,0.1,25.8
2001,70,Inactive,39.8,0.1,26
2001,71,Inactive,39.8,0.1,26.2
2001,72,Inactive,39.8,0.1,26.4
2001,73,Inactive,39.8,0.1,26.6
2001,74,Inactive,39.8,0.1,26.8
2001,75,Inactive,40,0.1,24
2001,76,Inactive,40,0.1,24.2
2001,77,Inactive,40,0.1,24.4
2001,78,Inactive,40,0.1,24.6
2001,79,Inactive,40,0.1,24.8
2001,80,Inactive,40,0.1,25
2001,81,Inactive,40,0.1,25.2
2001,82,Inactive,40,0.1,25.4
2001,83,Inactive,40,0.1,25.6
2001,84,Inactive,40,0.1,25.8
2001,85,Inactive,40,0.1,26
2001,86,Inactive,40,0.1,26.2
2001,87,Inactive,40,0.1,26.4
2001,88,Inactive,40,0.1,26.6
2001,89,Inactive,40,0.1,26.8
2001,90,Inactive,40.2,0.1,24
2001,91,Inactive,40.2,0.1,24.2
2001,92,Inactive,40.2,0.1,24.4
2001,93,Inactive,40.2,0.1,24.6
2001,94,Inactive,40.2,0.1,24.8
2001,95,Inactive,40.2,0.1,25
2001,96,Inactive,40.2,0.1,25.2
2001,97,Inactive,40.2,0.1,25.4
2001,98,Inactive,40.2,0.1,25.6
2001,99,Inactive,40.2,0.1,25.8
2001,100,Inactive,40.2,0.1,26
2001,101,Inactive,40.2,0.1,26.2
2001,102,Inactive,40.2,0.1,26.4
2001,103,Inactive,40.2,0.1,26.6
2001,104,Inactive,40.2,0.1,26.8
2001,105,Inactive,40.4,0.1,24
2001,106,Inactive,40.4,0.1,24.2
2001,107,Inactive,40.4,0.1,24.4
2001,108,Inactive,40.4,0.1,24.6
2001,109,Inactive,40.4,0.1,24.8
2001,110,Inactive,40.4,0.1,25
2001,111,Inactive,40.4,0.1,25.2
2001,112,Inactive,40.4,0.1,25.4
2001,113,Inactive,40.4,0.1,25.6
2001,114,Inactive,40.4,0.1,25.8
2001,115,Inactive,40.4,0.1,26
2001,116,Inactive,40.4,0.1,26.2
2001,117,Inactive,40.4,0.1,26.4
2001,118,Inactive,40.4,0.1,26.6
2001,119,Inactive,40.4,0.1,26.8
2001,120,Inactive,40.6,0.1,24
2001,121,Inactive,40.6,0.1,24.2
2001,122,Inactive,40.6,0.1,24.4
2001,123,Inactive,40.6,0.1,24.6
2001,124,Inactive,40.6,0.1,24.8
2001,125,Inactive,40.6,0.1,25
2001,126,Inactive,40.6,0.1,25.2
2001,127,Inactive,40.6,0.1,25.4
2001,128,Inactive,40.6,0.1,25.6
2001,129,Inactive,40.6,0.1,25.8
2001,130,Inactive,40.6,0.1,26
2001,131,Inactive,40.6,0.1,26.2
2001,132,Inactive,40.6,0.1,26.4
2001,133,Inactive,40.6,0.1,26.6
2001,134,Inactive,40.6,0.1,26.8
2001,135,Inactive,40.8,0.1,24
2001,136,Inactive,40.8,0.1,24.2
2001,137,Inactive,40.8,0.1,24.4
2001,138,Inactive,40.8,0.1,24.6
2001,139,Inactive,40.8,0.1,24.8
2001,140,Inactive,40.8,0.1,25
2001,141,Inactive,40.8,0.1,25.2
2001,142,Inactive,40.8,0.1,25.4
2001,143,Inactive,40.8,0.1,25.6
2001,144,Inactive,40.8,0.1,25.8
2001,145,Inactive,40.8,0.1,26
2001,146,Inactive,40.8,0.1,26.2
2001,147,Inactive,40.8,0.1,26.4
2001,148,Inactive,40.8,0.1,26.6
2001,149,Inactive,40.8,0.1,26.8
2001,150,Inactive,41,0.1,24
2001,151,Inactive,41,0.1,24.2
2001,152,Inactive,41,0.1,24.4
2001,153,Inactive,41,0.1,24.6
2001,154,Inactive,41,0.1,24.8
2001,155,Inactive,41,0.1,25
2001,156,Inactive,41,0.1,25.2
2001,157,Inactive,41,0.1,25.4
2001,158,Inactive,41,0.1,25.6
2001,159,Inactive,41,0.1,25.8
2001,160,Inactive,41,0.1,26
2001,161,Inactive,41,0.1,26.2
2001,162,Inactive,41,0.1,26.4
2001,163,Inactive,41,0.1,26.6
2001,164,Inactive,41,0.1,26.8
2001,165,Inactive,41.2,0.1,24
2001,166,Inactive,41.2,0.1,24.2
2001,167,Inactive,41.2,0.1,24.4
2001,168,Inactive,41.2,0.1,24.6
2001,169,Inactive,41.2,0.1,24.8
2001,170,Inactive,41.2,0.1,25
2001,171,Inactive,41.2,0.1,25.2
2001,172,Inactive,41.2,0.1,25.4
2001,173,Inactive,41.2,0.1,25.6
2001,174,Inactive,41.2,0.1,25.8
2001,175,Inactive,41.2,0.1,26
2001,176,Inactive,41.2,0.1,26.2
2001,177,Inactive,41.2,0.1,26.4
2001,178,Inactive,41.2,0.1,26.6
2001,179,Inactive,41.2,0.1,26.8
2001,180,Inactive,41.4,0.1,24
2001,181,Inactive,41.4,0.1,24.2
2001,182,Inactive,41.4,0.1,24.4
2001,183,Inactive,41.4,0.1,24.6
2001,184,Inactive,41.4,0.1,24.8
2001,185,Inactive,41.4,0.1,25
2001,186,Inactive,41.4,0.1,25.2
2001,187,Inactive,41.4,0.1,25.4
2001,188,Inactive,41.4,0.1,25.6
2001,189,Inactive,41.4,0.1,25.8
2001,190,Inactive,41.4,0.1,26
2001,191,Inactive,41.4,0.1,26.2
2001,192,Inactive,41.4,0.1,26.4
2001,193,Inactive,41.4,0.1,26.6
2001,194,Inactive,41.4,0.1,26.8
2001,195,Inactive,41.6,0.1,24
2001,196,Inactive,41.6,0.1,24.2
2001,197,Inactive,41.6,0.1,24.4
2001,198,Inactive,41.6,0.1,24.6
2001,199,Inactive,41.6,0.1,24.8
2501,0,Scouting,23.2141,0.1,22.6416
2501,1,Scouting,31.541,0.1,29.0275
2501,2,Scouting,37.877,0.1,22.1471
2501,3,Scouting,38.001,0.1,31.6532
2501,4,Scouting,41.7645,0.1,22.0489
2501,5,Scouting,38.6255,0.1,22.7949
2501,6,Scouting,39.5027,0.1,27.6124
2501,7,Scouting,40.0997,0.1,21.7476
2501,8,Scouting,42.232,0.1,23.1054
2501,9,Scouting,34.7169,0.1,14.9773
2501,10,Scouting,40.2717,0.1,26.3934
2501,11,Scouting,37.5355,0.1,24.8939
2501,12,Scouting,36.5355,0.1,25.1404
2501,13,Scouting,39.8393,0.1,28.4868
2501,14,Scouting,32.1748,0.1,16.5287
2501,15,Scouting,42.1536,0.1,22.4617
2501,16,Scouting,37.3143,0.1,25.2513
2501,17,Scouting,42.1634,0.1,23.5685
2501,18,Scouting,37.7705,0.1,21.8948
2501,19,Scouting,39.8631,0.1,27.769
2501,20,Scouting,36.1539,0.1,18.6319
2501,21,Scouting,41.9746,0.1,26.3178
2501,22,Scouting,29.76,0.1,26.2236
2501,23,Scouting,38.8248,0.1,27.3627
2501,24,Scouting,34.8956,0.1,25.728
2501,25,Scouting,34.236,0.1,25.0603
2501,26,Scouting,42.0677,0.1,25.6849
2501,27,Scouting,37.6989,0.1,23.3969
2501,28,Scouting,38.9389,0.1,24.0081
2501,29,Scouting,42.2187,0.1,24.9034
2501,30,Scouting,33.5863,0.1,15.8317
2501,31,Scouting,37.8888,0.1,27.1167
2501,32,Scouting,41.051,0.1,23.4024
2501,33,Scouting,39.5654,0.1,24.5003
2501,34,Scouting,37.4829,0.1,24.9356
2501,35,Scouting,42.0491,0.1,21.7047
2501,36,Scouting,41.6783,0.1,26.5322
2501,37,Scouting,24.8215,0.1,24.7422
2501,38,Scouting,41.5036,0.1,25.638
2501,39,Scouting,42.2747,0.1,26.028
2501,40,Scouting,33.413,0.1,23.8733
2501,41,Scouting,40.5814,0.1,21.5217
2501,42,Scouting,41.127,0.1,24.426
2501,43,Scouting,39.7104,0.1,27.186
2501,44,Scouting,40.3596,0.1,24.536
2501,45,Scouting,31.7912,0.1,27.3975
2501,46,Scouting,40.3979,0.1,21.7404
2501,47,Scouting,35.5079,0.1,27.5697
2501,48,Scouting,35.2445,0.1,24.6066
2501,49,Inactive,42.2814,0.1,27.6039
2501,50,Inactive,39.6,0.1,25
2501,51,Inactive,39.6,0.1,25.2
2501,52,Inactive,39.6,0.1,25.4
2501,53,Inactive,39.6,0.1,25.6
2501,54,Inactive,39.6,0.1,25.8
2501,55,Inactive,39.6,0.1,26
2501,56,Inactive,39.6,0.1,26.2
2501,57,Inactive,39.6,0.1,26.4
2501,58,Inactive,39.6,0.1,26.6
2501,59,Inactive,39.6,0.1,26.8
2501,60,Inactive,39.8,0.1,24
2501,61,Inactive,39.8,0.1,24.2
2501,62,Inactive,39.8,0.1,24.4
2501,63,Inactive,39.8,0.1,24.6
2501,64,Inactive,39.8,0.1,24.8
2501,65,Inactive,39.8,0.1,25
2501,66,Inactive,39.8,0.1,25.2
2501,67,Inactive,39.8,0.1,25.4
2501,68,Inactive,39.8,0.1,25.6
2501,69,Inactive,39.8,0.1,25.8
2501,70,Inactive,39.8,0.1,26
2501,71,Inactive,39.8,0.1,26.2
2501,72,Inactive,39.8,0.1,26.4
2501,73,Inactive,39.8,0.1,26.6
2501,74,Inactive,39.8,0.1,26.8
2501,75,Inactive,40,0.1,24
2501,76,Inactive,40,0.1,24.2
2501,77,Inactive,40,0.1,24.4
2501,78,Inactive,40,0.1,24.6
2501,79,Inactive,40,0.1,24.8
2501,80,Inactive,40,0.1,25
2501,81,Inactive,40,0.1,25.2
2501,82,Inactive,40,0.1,25.4
2501,83,Inactive,40,0.1,25.6
2501,84,Inactive,40,0.1,25.8
2501,85,Inactive,40,0.1,26
2501,86,Inactive,40,0.1,26.2
2501,87,Inactive,40,0.1,26.4
2501,88,Inactive,40,0.1,26.6
2501,89,Inactive,40,0.1,26.8
2501,90,Inactive,40.2,0.1,24
2501,91,Inactive,40.2,0.1,24.2
2501,92,Inactive,40.2,0.1,24.4
2501,93,Inactive,40.2,0.1,24.6
2501,94,Inactive,40.2,0.1,24.8
2501,95,Inactive,40.2,0.1,25
2501,96,Inactive,40.2,0.1,25.2
2501,97,Inactive,40.2,0.1,25.4
2501,98,Inactive,40.2,0.1,25.6
2501,99,Inactive,40.2,0.1,25.8
2501,100,Inactive,40.2,0.1,26
2501,101,Inactive,40.2,0.1,26.2
2501,102,Inactive,40.2,0.1,26.4
2501,103,Inactive,40.2,0.1,26.6
2501,104,Inactive,40.2,0.1,26.8
2501,105,Inactive,40.4,0.1,24
2501,106,Inactive,40.4,0.1,24.2
2501,107,Inactive,40.4,0.1,24.4
2501,108,Inactive,40.4,0.1,24.6
2501,109,Inactive,40.4,0.1,24.8
2501,110,Inactive,40.4,0.1,25
2501,111,Inactive,40.4,0.1,25.2
2501,112,Inactive,40.4,0.1,25.4
2501,113,Inactive,40.4,0.1,25.6
2501,114,Inactive,40.4,0.1,25.8
2501,115,Inactive,40.4,0.1,26
2501,116,Inactive,40.4,0.1,26.2
2501,117,Inactive,40.4,0.1,26.4
2501,118,Inactive,40.4,0.1,26.6
2501,119,Inactive,40.4,0.1,26.8
2501,120,Inactive,40.6,0.1,24
2501,121,Inactive,40.6,0.1,24.2
2501,122,Inactive,40.6,0.1,24.4
2501,123,Inactive,40.6,0.1,24.6
2501,124,Inactive,40.6,0.1,24.8
2501,125,Inactive,40.6,0.1,25
2501,126,Inactive,40.6,0.1,25.2
2501,127,Inactive,40.6,0.1,25.4
2501,128,Inactive,40.6,0.1,25.6
2501,129,Inactive,40.6,0.1,25.8
2501,130,Inactive,40.6,0.1,26
2501,131,Inactive,40.6,0.1,26.2
2501,132,Inactive,40.6,0.1,26.4
2501,133,Inactive,40.6,0.1,26.6
2501,134,Inactive,40.6,0.1,26.8
2501,135,Inactive,40.8,0.1,24
2501,136,Inactive,40.8,0.1,24.2
2501,137,Inactive,40.8,0.1,24.4
2501,138,Inactive,40.8,0.1,24.6
2501,139,Inactive,40.8,0.1,24.8
2501,140,Inactive,40.8,0.1,25
2501,141,Inactive,40.8,0.1,25.2
2501,142,Inactive,40.8,0.1,25.4
2501,143,Inactive,40.8,0.1,25.6
2501,144,Inactive,40.8,0.1,25.8
2501,145,Inactive,40.8,0.1,26
2501,146,Inactive,40.8,0.1,26.2
2501,147,Inactive,40.8,0.1,26.4
2501,148,Inactive,40.8,0.1,26.6
2501,149,Inactive,40.8,0.1,26.8
2501,150,Inactive,41,0.1,24
2501,151,Inactive,41,0.1,24.2
2501,152,Inactive,41,0.1,24.4
2501,153,Inactive,41,0.1,24.6
2501,154,Inactive,41,0.1,24.8
2501,155,Inactive,41,0.1,25
2501,156,Inactive,41,0.1,25.2
2501,157,Inactive,41,0.1,25.4
2501,158,Inactive,41,0.1,25.6
2501,159,Inactive,41,0.1,25.8
2501,160,Inactive,41,0.1,26
2501,161,Inactive,41,0.1,26.2
2501,162,Inactive,41,0.1,26.4
2501,163,Inactive,41,0.1,26.6
2501,164,Inactive,41,0.1,26.8
2501,165,Inactive,41.2,0.1,24
2501,166,Inactive,41.2,0.1,24.2
2501,167,Inactive,41.2,0.1,24.4
2501,168,Inactive,41.2,0.1,24.6
2501,169,Inactive,41.2,0.1,24.8
2501,170,Inactive,41.2,0.1,25
2501,171,Inactive,41.2,0.1,25.2
2501,172,Inactive,41.2,0.1,25.4
2501,173,Inactive,41.2,0.1,25.6
2501,174,Inactive,41.2,0.1,25.8
2501,175,Inactive,41.2,0.1,26
2501,176,Inactive,41.2,0.1,26.2
2501,177,Inactive,41.2,0.1,26.4
2501,178,Inactive,41.2,0.1,26.6
2501,179,Inactive,41.2,0.1,26.8
2501,180,Inactive,41.4,0.1,24
2501,181,Inactive,41.4,0.1,24.2
2501,182,Inactive,41.4,0.1,24.4
2501,183,Inactive,41.4,0.1,24.6
2501,184,Inactive,41.4,0.1,24.8
2501,185,Inactive,41.4,0.1,25
2501,186,Inactive,41.4,0.1,25.2
2501,187,Inactive,41.4,0.1,25.4
2501,188,Inactive,41.4,0.1,25.6
2501,189,Inactive,41.4,0.1,25.8
2501,190,Inactive,41.4,0.1,26
2501,191,Inactive,41.4,0.1,26.2
2501,192,Inactive,41.4,0.1,26.4
2501,193,Inactive,41.4,0.1,26.6
2501,194,Inactive,41.4,0.1,26.8
2501,195,Inactive,41.6,0.1,24
2501,196,Inactive,41.6,0.1,24.2
2501,197,Inactive,41.6,0.1,24.4
2501,198,Inactive,41.6,0.1,24.6
2501,199,Inactive,41.6,0.1,24.8
3001,0,Scouting,15.6445,0.1,22.8632
3001,1,Scouting,25.9135,0.1,24.4641
3001,2,Scouting,39.5684,0.1,28.1226
3001,3,Scouting,37.03,0.1,37.9453
3001,4,Scouting,40.7196,0.1,28.4026
3001,5,Scouting,40.3563,0.1,24.3767
3001,6,Scouting,38.4613,0.1,25.9102
3001,7,Scouting,36.5964,0.1,24.3596
3001,8,Scouting,39.1466,0.1,28.3811
3001,9,Scouting,41.5148,0.1,11.437
3001,10,Scouting,40.2542,0.1,27.7491
3001,11,Scouting,39.3046,0.1,17.9531
3001,12,Scouting,38.1125,0.1,30.546
3001,13,Scouting,39.3022,0.1,23.4122
3001,14,Scouting,35.8683,0.1,10.4485
3001,15,Scouting,39.7772,0.1,24.8728
3001,16,Scouting,33.1269,0.1,30.8122
3001,17,Scouting,40.0195,0.1,24.1517
3001,18,Scouting,36.9467,0.1,29.3116
3001,19,Scouting,35.6375,0.1,21.8133
3001,20,Scouting,34.6702,0.1,17.6291
3001,21,Scouting,39.1223,0.1,22.3242
3001,22,Scouting,21.8709,0.1,25.776
3001,23,Scouting,35.9563,0.1,20.0559
3001,24,Scouting,28.2628,0.1,28.5279
3001,25,Scouting,27.56,0.1,26.5698
3001,26,Scouting,39.8584,0.1,25.5109
3001,27,Scouting,37.4731,0.1,29.3841
3001,28,Scouting,38.9798,0.1,21.9255
3001,29,Scouting,41.2532,0.1,26.6287
3001,30,Scouting,37.4739,0.1,9.1733
3001,31,Scouting,38.1785,0.1,26.5982
3001,32,Scouting,39.506,0.1,25.8809
3001,33,Scouting,41.0602,0.1,25.8731
3001,34,Scouting,35.4502,0.1,18.5153
3001,35,Scouting,39.2127,0.1,23.0616
3001,36,Scouting,37.7969,0.1,27.8071
3001,37,Scouting,27.9944,0.1,31.7864
3001,38,Scouting,38.3222,0.1,24.3926
3001,39,Scouting,38.4967,0.1,26.2549
3001,40,Scouting,27.0294,0.1,28.7612
3001,41,Scouting,37.7532,0.1,23.2235
3001,42,Scouting,37.773,0.1,24.6384
3001,43,Scouting,38.7837,0.1,22.5473
3001,44,Scouting,41.0334,0.1,23.6408
3001,45,Scouting,24.2724,0.1,24.6203
3001,46,Scouting,41.9379,0.1,26.8147
3001,47,Scouting,28.6797,0.1,23.7388
3001,48,Scouting,29.5976,0.1,21.5811
3001,49,Inactive,41.2963,0.1,27.9377
3001,50,Inactive,39.6,0.1,25
3001,51,Inactive,39.6,0.1,25.2
3001,52,Inactive,39.6,0.1,25.4
3001,53,Inactive,39.6,0.1,25.6
3001,54,Inactive,39.6,0.1,25.8
3001,55,Inactive,39.6,0.1,26
3001,56,Inactive,39.6,0.1,26.2
3001,57,Inactive,39.6,0.1,26.4
3001,58,Inactive,39.6,0.1,26.6
3001,59,Inactive,39.6,0.1,26.8
3001,60,Inactive,39.8,0.1,24
3001,61,Inactive,39.8,0.1,24.2
3001,62,Inactive,39.8,0.1,24.4
3001,63,Inactive,39.8,0.1,24.6
3001,64,Inactive,39.8,0.1,24.8
3001,65,Inactive,39.8,0.1,25
3001,66,Inactive,39.8,0.1,25.2
3001,67,Inactive,39.8,0.1,25.4
3001,68,Inactive,39.8,0.1,25.6
3001,69,Inactive,39.8,0.1,25.8
3001,70,Inactive,39.8,0.1,26
3001,71,Inactive,39.8,0.1,26.2
3001,72,Inactive,39.8,0.1,26.4
3001,73,Inactive,39.8,0.1,26.6
3001,74,Inactive,39.8,0.1,26.8
3001,75,Inactive,40,0.1,24
3001,76,Inactive,40,0.1,24.2
3001,77,Inactive,40,0.1,24.4
3001,78,Inactive,40,0.1,24.6
3001,79,Inactive,40,0.1,24.8
3001,80,Inactive,40,0.1,25
3001,81,Inactive,40,0.1,25.2
3001,82,Inactive,40,0.1,25.4
3001,83,Inactive,40,0.1,25.6
3001,84,Inactive,40,0.1,25.8
3001,85,Inactive,40,0.1,26
3001,86,Inactive,40,0.1,26.2
3001,87,Inactive,40,0.1,26.4
3001,88,Inactive,40,0.1,26.6
3001,89,Inactive,40,0.1,26.8
3001,90,Inactive,40.2,0.1,24
3001,91,Inactive,40.2,0.1,24.2
3001,92,Inactive,40.2,0.1,24.4
3001,93,Inactive,40.2,0.1,24.6
3001,94,Inactive,40.2,0.1,24.8
3001,95,Inactive,40.2,0.1,25
3001,96,Inactive,40.2,0.1,25.2
3001,97,Inactive,40.2,0.1,25.4
3001,98,Inactive,40.2,0.1,25.6
3001,99,Inactive,40.2,0.1,25.8
3001,100,Inactive,40.2,0.1,26
3001,101,Inactive,40.2,0.1,26.2
3001,102,Inactive,40.2,0.1,26.4
3001,103,Inactive,40.2,0.1,26.6
3001,104,Inactive,40.2,0.1,26.8
3001,105,Inactive,40.4,0.1,24
3001,106,Inactive,40.4,0.1,24.2
3001,107,Inactive,40.4,0.1,24.4
3001,108,Inactive,40.4,0.1,24.6
3001,109,Inactive,40.4,0.1,24.8
3001,110,Inactive,40.4,0.1,25
3001,111,Inactive,40.4,0.1,25.2
3001,112,Inactive,40.4,0.1,25.4
3001,113,Inactive,40.4,0.1,25.6
3001,114,Inactive,40.4,0.1,25.8
3001,115,Inactive,40.4,0.1,26
3001,116,Inactive,40.4,0.1,26.2
3001,117,Inactive,40.4,0.1,26.4
3001,118,Inactive,40.4,0.1,26.6
3001,119,Inactive,40.4,0.1,26.8
3001,120,Inactive,40.6,0.1,24
3001,121,Inactive,40.6,0.1,24.2
3001,122,Inactive,40.6,0.1,24.4
3001,123,Inactive,40.6,0.1,24.6
3001,124,Inactive,40.6,0.1,24.8
3001,125,Inactive,40.6,0.1,25
3001,126,Inactive,40.6,0.1,25.2
3001,127,Inactive,40.6,0.1,25.4
3001,128,Inactive,40.6,0.1,25.6
3001,129,Inactive,40.6,0.1,25.8
3001,130,Inactive,40.6,0.1,26
3001,131,Inactive,40.6,0.1,26.2
3001,132,Inactive,40.6,0.1,26.4
3001,133,Inactive,40.6,0.1,26.6
3001,134,Inactive,40.6,0.1,26.8
3001,135,Inactive,40.8,0.1,24
3001,136,Inactive,40.8,0.1,24.2
3001,137,Inactive,40.8,0.1,24.4
3001,138,Inactive,40.8,0.1,24.6
3001,139,Inactive,40.8,0.1,24.8
3001,140,Inactive,40.8,0.1,25
3001,141,Inactive,40.8,0.1,25.2
3001,142,Inactive,40.8,0.1,25.4
3001,143,Inactive,40.8,0.1,25.6
3001,144,Inactive,40.8,0.1,25.8
3001,145,Inactive,40.8,0.1,26
3001,146,Inactive,40.8,0.1,26.2
3001,147,Inactive,40.8,0.1,26.4
3001,148,Inactive,40.8,0.1,26.6
3001,149,Inactive,40.8,0.1,26.8
3001,150,Inactive,41,0.1,24
3001,151,Inactive,41,0.1,24.2
3001,152,Inactive,41,0.1,24.4
3001,153,Inactive,41,0.1,24.6
3001,154,Inactive,41,0.1,24.8
3001,155,Inactive,41,0.1,25
3001,156,Inactive,41,0.1,25.2
3001,157,Inactive,41,0.1,25.4
3001,158,Inactive,41,0.1,25.6
3001,159,Inactive,41,0.1,25.8
3001,160,Inactive,41,0.1,26
3001,161,Inactive,41,0.1,26.2
3001,162,Inactive,41,0.1,26.4
3001,163,Inactive,41,0.1,26.6
3001,164,Inactive,41,0.1,26.8
3001,165,Inactive,41.2,0.1,24
3001,166,Inactive,41.2,0.1,24.2
3001,167,Inactive,41.2,0.1,24.4
3001,168,Inactive,41.2,0.1,24.6
3001,169,Inactive,41.2,0.1,24.8
3001,170,Inactive,41.2,0.1,25
3001,171,Inactive,41.2,0.1,25.2
3001,172,Inactive,41.2,0.1,25.4
3001,173,Inactive,41.2,0.1,25.6
3001,174,Inactive,41.2,0.1,25.8
3001,175,Inactive,41.2,0.1,26
3001,176,Inactive,41.2,0.1,26.2
3001,177,Inactive,41.2,0.1,26.4
3001,178,Inactive,41.2,0.1,26.6
3001,179,Inactive,41.2,0.1,26.8
3001,180,Inactive,41.4,0.1,24
3001,181,Inactive,41.4,0.1,24.2
3001,182,Inactive,41.4,0.1,24.4
3001,183,Inactive,41.4,0.1,24.6
3001,184,Inactive,41.4,0.1,24.8
3001,185,Inactive,41.4,0.1,25
3001,186,Inactive,41.4,0.1,25.2
3001,187,Inactive,41.4,0.1,25.4
3001,188,Inactive,41.4,0.1,25.6
3001,189,Inactive,41.4,0.1,25.8
3001,190,Inactive,41.4,0.1,26
3001,191,Inactive,41.4,0.1,26.2
3001,192,Inactive,41.4,0.1,26.4
3001,193,Inactive,41.4,0.1,26.6
3001,194,Inactive,41.4,0.1,26.8
3001,195,Inactive,41.6,0.1,24
3001,196,Inactive,41.6,0.1,24.2
3001,197,Inactive,41.6,0.1,24.4
3001,198,Inactive,41.6,0.1,24.6
3001,199,Inactive,41.6,0.1,24.8
3501,0,Scouting,17.4105,0.1,28.6976
3501,1,Scouting,21.5447,0.1,18.1395
3501,2,Scouting,34.6709,0.1,25.0855
3501,3,Scouting,36.5227,0.1,37.5738
3501,4,Scouting,41.3031,0.1,22.4474
3501,5,Scouting,41.332,0.1,26.1977
3501,6,Scouting,33.6147,0.1,19.7579
3501,7,Scouting,37.2068,0.1,22.1784
3501,8,Scouting,38.7385,0.1,27.4822
3501,9,Scouting,49.0366,0.1,10.3779
3501,10,Scouting,42.145,0.1,26.6166
3501,11,Scouting,46.581,0.1,14.4611
3501,12,Scouting,44.2223,0.1,33.9315
3501,13,Scouting,32.9158,0.1,22.1497
3501,14,Scouting,40.7836,0.1,5.7838
3501,15,Scouting,42.306,0.1,26.3318
3501,16,Scouting,40.4737,0.1,29.7207
3501,17,Scouting,33.6577,0.1,24.5703
3501,18,Scouting,31.618,0.1,34.7335
3501,19,Scouting,33.2702,0.1,16.5765
3501,20,Scouting,33.3248,0.1,24.0069
3501,21,Scouting,41.8197,0.1,25.3933
3501,22,Scouting,17.0964,0.1,26.6338
3501,23,Scouting,40.9072,0.1,13.9013
3501,24,Scouting,24.7156,0.1,23.891
3501,25,Scouting,29.9926,0.1,34.0377
3501,26,Scouting,39.2875,0.1,28.4327
3501,27,Scouting,44.6018,0.1,30.1819
3501,28,Scouting,40.8623,0.1,24.7594
3501,29,Scouting,38.0063,0.1,23.1703
3501,30,Scouting,42.5149,0.1,2.9135
3501,31,Scouting,35.0405,0.1,20.5214
3501,32,Scouting,42.1878,0.1,23.564
3501,33,Scouting,40.5295,0.1,26.6116
3501,34,Scouting,41.8754,0.1,16.3596
3501,35,Scouting,40.4263,0.1,28.3563
3501,36,Scouting,35.1415,0.1,28.407
3501,37,Scouting,22.9478,0.1,37.2315
3501,38,Scouting,41.3962,0.1,23.605
3501,39,Scouting,35.9955,0.1,22.7238
3501,40,Scouting,22.2443,0.1,23.5288
3501,41,Scouting,33.5637,0.1,24.1547
3501,42,Scouting,29.8626,0.1,24.584
3501,43,Scouting,42.0165,0.1,28.3813
3501,44,Scouting,39.0686,0.1,27.1163
3501,45,Scouting,21.4743,0.1,31.0373
3501,46,Scouting,37.6627,0.1,25.2193
3501,47,Scouting,21.2322,0.1,20.8382
3501,48,Scouting,33.6953,0.1,22.0275
3501,49,Inactive,40.8645,0.1,26.5649
3501,50,Inactive,39.6,0.1,25
3501,51,Inactive,39.6,0.1,25.2
3501,52,Inactive,39.6,0.1,25.4
3501,53,Inactive,39.6,0.1,25.6
3501,54,Inactive,39.6,0.1,25.8
3501,55,Inactive,39.6,0.1,26
3501,56,Inactive,39.6,0.1,26.2
3501,57,Inactive,39.6,0.1,26.4
3501,58,Inactive,39.6,0.1,26.6
3501,59,Inactive,39.6,0.1,26.8
3501,60,Inactive,39.8,0.1,24
3501,61,Inactive,39.8,0.1,24.2
3501,62,Inactive,39.8,0.1,24.4
3501,63,Inactive,39.8,0.1,24.6
3501,64,Inactive,39.8,0.1,24.8
3501,65,Inactive,39.8,0.1,25
3501,66,Inactive,39.8,0.1,25.2
3501,67,Inactive,39.8,0.1,25.4
3501,68,Inactive,39.8,0.1,25.6
3501,69,Inactive,39.8,0.1,25.8
3501,70,Inactive,39.8,0.1,26
3501,71,Inactive,39.8,0.1,26.2
3501,72,Inactive,39.8,0.1,26.4
3501,73,Inactive,39.8,0.1,26.6
3501,74,Inactive,39.8,0.1,26.8
3501,75,Inactive,40,0.1,24
3501,76,Inactive,40,0.1,24.2
3501,77,Inactive,40,0.1,24.4
3501,78,Inactive,40,0.1,24.6
3501,79,Inactive,40,0.1,24.8
3501,80,Inactive,40,0.1,25
3501,81,Inactive,40,0.1,25.2
3501,82,Inactive,40,0.1,25.4
3501,83,Inactive,40,0.1,25.6
3501,84,Inactive,40,0.1,25.8
3501,85,Inactive,40,0.1,26
3501,86,Inactive,40,0.1,26.2
3501,87,Inactive,40,0.1,26.4
3501,88,Inactive,40,0.1,26.6
3501,89,Inactive,40,0.1,26.8
3501,90,Inactive,40.2,0.1,24
3501,91,Inactive,40.2,0.1,24.2
3501,92,Inactive,40.2,0.1,24.4
3501,93,Inactive,40.2,0.1,24.6
3501,94,Inactive,40.2,0.1,24.8
3501,95,Inactive,40.2,0.1,25
3501,96,Inactive,40.2,0.1,25.2
3501,97,Inactive,40.2,0.1,25.4
3501,98,Inactive,40.2,0.1,25.6
3501,99,Inactive,40.2,0.1,25.8
3501,100,Inactive,40.2,0.1,26
3501,101,Inactive,40.2,0.1,26.2
3501,102,Inactive,40.2,0.1,26.4
3501,103,Inactive,40.2,0.1,26.6
3501,104,Inactive,40.2,0.1,26.8
3501,105,Inactive,40.4,0.1,24
3501,106,Inactive,40.4,0.1,24.2
3501,107,Inactive,40.4,0.1,24.4
3501,108,Inactive,40.4,0.1,24.6
3501,109,Inactive,40.4,0.1,24.8
3501,110,Inactive,40.4,0.1,25
3501,111,Inactive,40.4,0.1,25.2
3501,112,Inactive,40.4,0.1,25.4
3501,113,Inactive,40.4,0.1,25.6
3501,114,Inactive,40.4,0.1,25.8
3501,115,Inactive,40.4,0.1,26
3501,116,Inactive,40.4,0.1,26.2
3501,117,Inactive,40.4,0.1,26.4
3501,118,Inactive,40.4,0.1,26.6
3501,119,Inactive,40.4,0.1,26.8
3501,120,Inactive,40.6,0.1,24
3501,121,Inactive,40.6,0.1,24.2
3501,122,Inactive,40.6,0.1,24.4
3501,123,Inactive,40.6,0.1,24.6
3501,124,Inactive,40.6,0.1,24.8
3501,125,Inactive,40.6,0.1,25
3501,126,Inactive,40.6,0.1,25.2
3501,127,Inactive,40.6,0.1,25.4
3501,128,Inactive,40.6,0.1,25.6
3501,129,Inactive,40.6,0.1,25.8
3501,130,Inactive,40.6,0.1,26
3501,131,Inactive,40.6,0.1,26.2
3501,132,Inactive,40.6,0.1,26.4
3501,133,Inactive,40.6,0.1,26.6
3501,134,Inactive,40.6,0.1,26.8
3501,135,Inactive,40.8,0.1,24
3501,136,Inactive,40.8,0.1,24.2
3501,137,Inactive,40.8,0.1,24.4
3501,138,Inactive,40.8,0.1,24.6
3501,139,Inactive,40.8,0.1,24.8
3501,140,Inactive,40.8,0.1,25
3501,141,Inactive,40.8,0.1,25.2
3501,142,Inactive,40.8,0.1,25.4
3501,143,Inactive,40.8,0.1,25.6
3501,144,Inactive,40.8,0.1,25.8
3501,145,Inactive,40.8,0.1,26
3501,146,Inactive,40.8,0.1,26.2
3501,147,Inactive,40.8,0.1,26.4
3501,148,Inactive,40.8,0.1,26.6
3501,149,Inactive,40.8,0.1,26.8
3501,150,Inactive,41,0.1,24
3501,151,Inactive,41,0.1,24.2
3501,152,Inactive,41,0.1,24.4
3501,153,Inactive,41,0.1,24.6
3501,154,Inactive,41,0.1,24.8
3501,155,Inactive,41,0.1,25
3501,156,Inactive,41,0.1,25.2
3501,157,Inactive,41,0.1,25.4
3501,158,Inactive,41,0.1,25.6
3501,159,Inactive,41,0.1,25.8
3501,160,Inactive,41,0.1,26
3501,161,Inactive,41,0.1,26.2
3501,162,Inactive,41,0.1,26.4
3501,163,Inactive,41,0.1,26.6
3501,164,Inactive,41,0.1,26.8
3501,165,Inactive,41.2,0.1,24
3501,166,Inactive,41.2,0.1,24.2
3501,167,Inactive,41.2,0.1,24.4
3501,168,Inactive,41.2,0.1,24.6
3501,169,Inactive,41.2,0.1,24.8
3501,170,Inactive,41.2,0.1,25
3501,171,Inactive,41.2,0.1,25.2
3501,172,Inactive,41.2,0.1,25.4
3501,173,Inactive,41.2,0.1,25.6
3501,174,Inactive,41.2,0.1,25.8
3501,175,Inactive,41.2,0.1,26
3501,176,Inactive,41.2,0.1,26.2
3501,177,Inactive,41.2,0.1,26.4
3501,178,Inactive,41.2,0.1,26.6
3501,179,Inactive,41.2,0.1,26.8
3501,180,Inactive,41.4,0.1,24
3501,181,Inactive,41.4,0.1,24.2
3501,182,Inactive,41.4,0.1,24.4
3501,183,Inactive,41.4,0.1,24.6
3501,184,Inactive,41.4,0.1,24.8
3501,185,Inactive,41.4,0.1,25
3501,186,Inactive,41.4,0.1,25.2
3501,187,Inactive,41.4,0.1,25.4
3501,188,Inactive,41.4,0.1,25.6
3501,189,Inactive,41.4,0.1,25.8
3501,190,Inactive,41.4,0.1,26
3501,191,Inactive,41.4,0.1,26.2
3501,192,Inactive,41.4,0.1,26.4
3501,193,Inactive,41.4,0.1,26.6
3501,194,Inactive,41.4,0.1,26.8
3501,195,Inactive,41.6,0.1,24
3501,196,Inactive,41.6,0.1,24.2
3501,197,Inactive,41.6,0.1,24.4
3501,198,Inactive,41.6,0.1,24.6
3501,199,Inactive,41.6,0.1,24.8
4001,0,Scouting,25.1018,0.1,31.4322
4001,1,Scouting,20.0626,0.1,10.625
4001,2,Scouting,29.2403,0.1,30.4903
4001,3,Scouting,37.8947,0.1,35.4409
4001,4,Scouting,39.8223,0.1,23.0018
4001,5,Scouting,37.9122,0.1,23.5531
4001,6,Scouting,29.3435,0.1,13.6006
4001,7,Scouting,33.3754,0.1,15.0578
4001,8,Scouting,42.1102,0.1,27.181
4001,9,Scouting,49.358,0.1,18.103
4001,10,Scouting,38.7288,0.1,22.2623
4001,11,Scouting,46.3022,0.1,21.2338
4001,12,Scouting,38.0845,0.1,36.5672
4001,13,Scouting,28.3921,0.1,16.5366
4001,14,Scouting,36.3927,0.1,0.8618
4001,15,Scouting,40.4727,0.1,22.3618
4001,16,Scouting,48.1782,0.1,28.7229
4001,17,Scouting,26.2827,0.1,26.5458
4001,18,Scouting,26.687,0.1,39.1333
4001,19,Scouting,26.2836,0.1,18.2524
4001,20,Scouting,28.4407,0.1,28.8356
4001,21,Scouting,39.4959,0.1,21.5784
4001,22,Scouting,22.7928,0.1,26.4501
4001,23,Scouting,40.329,0.1,8.2653
4001,24,Scouting,22.4697,0.1,16.5445
4001,25,Scouting,32.6713,0.1,40.8933
4001,26,Scouting,40.2952,0.1,26.4021
4001,27,Scouting,49.1798,0.1,28.8213
4001,28,Scouting,39.9607,0.1,27.9636
4001,29,Scouting,34.2773,0.1,21.7997
4001,30,Scouting,36.6956,0.1,2.8909
4001,31,Scouting,39.9398,0.1,14.2569
4001,32,Scouting,42.3114,0.1,24.6278
4001,33,Scouting,39.2905,0.1,25.455
4001,34,Scouting,48.4062,0.1,17.6754
4001,35,Scouting,41.6089,0.1,23.6958
4001,36,Scouting,34.0531,0.1,35.0769
4001,37,Scouting,25.7011,0.1,43.0136
4001,38,Scouting,34.0306,0.1,25.2931
4001,39,Scouting,35.3346,0.1,15.0919
4001,40,Scouting,18.6038,0.1,17.4268
4001,41,Scouting,28.7303,0.1,18.5387
4001,42,Scouting,22.6298,0.1,25.0932
4001,43,Scouting,41.9297,0.1,28.3503
4001,44,Scouting,33.0177,0.1,25.3069
4001,45,Scouting,16.4775,0.1,37.1609
4001,46,Scouting,37.1952,0.1,17.7839
4001,47,Scouting,13.967,0.1,17.3352
4001,48,Scouting,36.1853,0.1,25.3198
4001,49,Inactive,41.8504,0.1,27.0406
4001,50,Inactive,39.6,0.1,25
4001,51,Inactive,39.6,0.1,25.2
4001,52,Inactive,39.6,0.1,25.4
4001,53,Inactive,39.6,0.1,25.6
4001,54,Inactive,39.6,0.1,25.8
4001,55,Inactive,39.6,0.1,26
4001,56,Inactive,39.6,0.1,26.2
4001,57,Inactive,39.6,0.1,26.4
4001,58,Inactive,39.6,0.1,26.6
4001,59,Inactive,39.6,0.1,26.8
4001,60,Inactive,39.8,0.1,24
4001,61,Inactive,39.8,0.1,24.2
4001,62,Inactive,39.8,0.1,24.4
4001,63,Inactive,39.8,0.1,24.6
4001,64,Inactive,39.8,0.1,24.8
4001,65,Inactive,39.8,0.1,25
4001,66,Inactive,39.8,0.1,25.2
4001,67,Inactive,39.8,0.1,25.4
4001,68,Inactive,39.8,0.1,25.6
4001,69,Inactive,39.8,0.1,25.8
4001,70,Inactive,39.8,0.1,26
4001,71,Inactive,39.8,0.1,26.2
4001,72,Inactive,39.8,0.1,26.4
4001,73,Inactive,39.8,0.1,26.6
4001,74,Inactive,39.8,0.1,26.8
4001,75,Inactive,40,0.1,24
4001,76,Inactive,40,0.1,24.2
4001,77,Inactive,40,0.1,24.4
4001,78,Inactive,40,0.1,24.6
4001,79,Inactive,40,0.1,24.8
4001,80,Inactive,40,0.1,25
4001,81,Inactive,40,0.1,25.2
4001,82,Inactive,40,0.1,25.4
4001,83,Inactive,40,0.1,25.6
4001,84,Inactive,40,0.1,25.8
4001,85,Inactive,40,0.1,26
4001,86,Inactive,40,0.1,26.2
4001,87,Inactive,40,0.1,26.4
4001,88,Inactive,40,0.1,26.6
4001,89,Inactive,40,0.1,26.8
4001,90,Inactive,40.2,0.1,24
4001,91,Inactive,40.2,0.1,24.2
4001,92,Inactive,40.2,0.1,24.4
4001,93,Inactive,40.2,0.1,24.6
4001,94,Inactive,40.2,0.1,24.8
4001,95,Inactive,40.2,0.1,25
4001,96,Inactive,40.2,0.1,25.2
4001,97,Inactive,40.2,0.1,25.4
4001,98,Inactive,40.2,0.1,25.6
4001,99,Inactive,40.2,0.1,25.8
4001,100,Inactive,40.2,0.1,26
4001,101,Inactive,40.2,0.1,26.2
4001,102,Inactive,40.2,0.1,26.4
4001,103,Inactive,40.2,0.1,26.6
4001,104,Inactive,40.2,0.1,26.8
4001,105,Inactive,40.4,0.1,24
4001,106,Inactive,40.4,0.1,24.2
4001,107,Inactive,40.4,0.1,24.4
4001,108,Inactive,40.4,0.1,24.6
4001,109,Inactive,40.4,0.1,24.8
4001,110,Inactive,40.4,0.1,25
4001,111,Inactive,40.4,0.1,25.2
4001,112,Inactive,40.4,0.1,25.4
4001,113,Inactive,40.4,0.1,25.6
4001,114,Inactive,40.4,0.1,25.8
4001,115,Inactive,40.4,0.1,26
4001,116,Inactive,40.4,0.1,26.2
4001,117,Inactive,40.4,0.1,26.4
4001,118,Inactive,40.4,0.1,26.6
4001,119,Inactive,40.4,0.1,26.8
4001,120,Inactive,40.6,0.1,24
4001,121,Inactive,40.6,0.1,24.2
4001,122,Inactive,40.6,0.1,24.4
4001,123,Inactive,40.6,0.1,24.6
4001,124,Inactive,40.6,0.1,24.8
4001,125,Inactive,40.6,0.1,25
4001,126,Inactive,40.6,0.1,25.2
4001,127,Inactive,40.6,0.1,25.4
4001,128,Inactive,40.6,0.1,25.6
4001,129,Inactive,40.6,0.1,25.8
4001,130,Inactive,40.6,0.1,26
4001,131,Inactive,40.6,0.1,26.2
4001,132,Inactive,40.6,0.1,26.4
4001,133,Inactive,40.6,0.1,26.6
4001,134,Inactive,40.6,0.1,26.8
4001,135,Inactive,40.8,0.1,24
4001,136,Inactive,40.8,0.1,24.2
4001,137,Inactive,40.8,0.1,24.4
4001,138,Inactive,40.8,0.1,24.6
4001,139,Inactive,40.8,0.1,24.8
4001,140,Inactive,40.8,0.1,25
4001,141,Inactive,40.8,0.1,25.2
4001,142,Inactive,40.8,0.1,25.4
4001,143,Inactive,40.8,0.1,25.6
4001,144,Inactive,40.8,0.1,25.8
4001,145,Inactive,40.8,0.1,26
4001,146,Inactive,40.8,0.1,26.2
4001,147,Inactive,40.8,0.1,26.4
4001,148,Inactive,40.8,0.1,26.6
4001,149,Inactive,40.8,0.1,26.8
4001,150,Inactive,41,0.1,24
4001,151,Inactive,41,0.1,24.2
4001,152,Inactive,41,0.1,24.4
4001,153,Inactive,41,0.1,24.6
4001,154,Inactive,41,0.1,24.8
4001,155,Inactive,41,0.1,25
4001,156,Inactive,41,0.1,25.2
4001,157,Inactive,41,0.1,25.4
4001,158,Inactive,41,0.1,25.6
4001,159,Inactive,41,0.1,25.8
4001,160,Inactive,41,0.1,26
4001,161,Inactive,41,0.1,26.2
4001,162,Inactive,41,0.1,26.4
4001,163,Inactive,41,0.1,26.6
4001,164,Inactive,41,0.1,26.8
4001,165,Inactive,41.2,0.1,24
4001,166,Inactive,41.2,0.1,24.2
4001,167,Inactive,41.2,0.1,24.4
4001,168,Inactive,41.2,0.1,24.6
4001,169,Inactive,41.2,0.1,24.8
4001,170,Inactive,41.2,0.1,25
4001,171,Inactive,41.2,0.1,25.2
4001,172,Inactive,41.2,0.1,25.4
4001,173,Inactive,41.2,0.1,25.6
4001,174,Inactive,41.2,0.1,25.8
4001,175,Inactive,41.2,0.1,26
4001,176,Inactive,41.2,0.1,26.2
4001,177,Inactive,41.2,0.1,26.4
4001,178,Inactive,41.2,0.1,26.6
4001,179,Inactive,41.2,0.1,26.8
4001,180,Inactive,41.4,0.1,24
4001,181,Inactive,41.4,0.1,24.2
4001,182,Inactive,41.4,0.1,24.4
4001,183,Inactive,41.4,0.1,24.6
4001,184,Inactive,41.4,0.1,24.8
4001,185,Inactive,41.4,0.1,25
4001,186,Inactive,41.4,0.1,25.2
4001,187,Inactive,41.4,0.1,25.4
4001,188,Inactive,41.4,0.1,25.6
4001,189,Inactive,41.4,0.1,25.8
4001,190,Inactive,41.4,0.1,26
4001,191,Inactive,41.4,0.1,26.2
4001,192,Inactive,41.4,0.1,26.4
4001,193,Inactive,41.4,0.1,26.6
4001,194,Inactive,41.4,0.1,26.8
4001,195,Inactive,41.6,0.1,24
4001,196,Inactive,41.6,0.1,24.2
4001,197,Inactive,41.6,0.1,24.4
4001,198,Inactive,41.6,0.1,24.6
4001,199,Inactive,41.6,0.1,24.8
4501,0,Scouting,31.2488,0.1,35.2394
4501,1,Scouting,19.2227,0.1,4.035
4501,2,Scouting,31.153,0.1,37.4854
4501,3,Scouting,36.6681,0.1,30.0179
4501,4,Scouting,38.3497,0.1,25.3745
4501,5,Scouting,38.047,0.1,30.9859
4501,6,Scouting,33.0951,0.1,6.8338
4501,7,Scouting,32.4807,0.1,7.2697
4501,8,Scouting,39.3281,0.1,25.6206
4501,9,Scouting,45.1628,0.1,15.6791
4501,10,Scouting,36.3668,0.1,29.6386
4501,11,Scouting,42.7618,0.1,26.7045
4501,12,Scouting,30.9562,0.1,36.073
4501,13,Scouting,28.5409,0.1,8.4775
4501,14,Scouting,30.7249,0.1,6.7718
4501,15,Scouting,40.8543,0.1,21.6596
4501,16,Scouting,49.6506,0.1,21.3511
4501,17,Scouting,19.2667,0.1,22.5629
4501,18,Scouting,21.8954,0.1,44.9917
4501,19,Scouting,23.3108,0.1,25.0364
4501,20,Scouting,23.7994,0.1,35.3158
4501,21,Scouting,36.9511,0.1,25.0221
4501,22,Scouting,18.8607,0.1,32.4569
4501,23,Scouting,36.3104,0.1,14.9857
4501,24,Scouting,21.9306,0.1,9.4902
4501,25,Scouting,28.2218,0.1,46.7206
4501,26,Scouting,38.1831,0.1,23.6441
4501,27,Scouting,47.529,0.1,31.9031
4501,28,Scouting,40.5479,0.1,24.6135
4501,29,Scouting,39.243,0.1,18.2411
4501,30,Scouting,34.4636,0.1,8.2154
4501,31,Scouting,33.533,0.1,14.5487
4501,32,Scouting,40.8737,0.1,24.3378
4501,33,Scouting,37.7392,0.1,23.2017
4501,34,Scouting,47.7736,0.1,25.0918
4501,35,Scouting,38.1564,0.1,23.4342
4501,36,Scouting,42.1422,0.1,34.7371
4501,37,Scouting,31.4245,0.1,48.1098
4501,38,Scouting,32.3067,0.1,29.2202
4501,39,Scouting,36.7677,0.1,7.3897
4501,40,Scouting,20.9469,0.1,15.8774
4501,41,Scouting,26.0775,0.1,11.9598
4501,42,Scouting,18.6826,0.1,21.3917
4501,43,Scouting,36.6341,0.1,24.927
4501,44,Scouting,36.3107,0.1,18.9619
4501,45,Assessing,12.1574,0.1,39.0779
4501,46,Scouting,39.1001,0.1,10.744
4501,47,Assessing,12.4861,0.1,10.0623
4501,48,Scouting,28.8437,0.1,24.622
4501,49,Inactive,40.0497,0.1,27.7327
4501,50,Inactive,39.6,0.1,25
4501,51,Inactive,39.6,0.1,25.2
4501,52,Inactive,39.6,0.1,25.4
4501,53,Inactive,39.6,0.1,25.6
4501,54,Inactive,39.6,0.1,25.8
4501,55,Inactive,39.6,0.1,26
4501,56,Inactive,39.6,0.1,26.2
4501,57,Inactive,39.6,0.1,26.4
4501,58,Inactive,39.6,0.1,26.6
4501,59,Inactive,39.6,0.1,26.8
4501,60,Inactive,39.8,0.1,24
4501,61,Inactive,39.8,0.1,24.2
4501,62,Inactive,39.8,0.1,24.4
4501,63,Inactive,39.8,0.1,24.6
4501,64,Inactive,39.8,0.1,24.8
4501,65,Inactive,39.8,0.1,25
4501,66,Inactive,39.8,0.1,25.2
4501,67,Inactive,39.8,0.1,25.4
4501,68,Inactive,39.8,0.1,25.6
4501,69,Inactive,39.8,0.1,25.8
4501,70,Inactive,39.8,0.1,26
4501,71,Inactive,39.8,0.1,26.2
4501,72,Inactive,39.8,0.1,26.4
4501,73,Inactive,39.8,0.1,26.6
4501,74,Inactive,39.8,0.1,26.8
4501,75,Inactive,40,0.1,24
4501,76,Inactive,40,0.1,24.2
4501,77,Inactive,40,0.1,24.4
4501,78,Inactive,40,0.1,24.6
4501,79,Inactive,40,0.1,24.8
4501,80,Inactive,40,0.1,25
4501,81,Inactive,40,0.1,25.2
4501,82,Inactive,40,0.1,25.4
4501,83,Inactive,40,0.1,25.6
4501,84,Inactive,40,0.1,25.8
4501,85,Inactive,40,0.1,26
4501,86,Inactive,40,0.1,26.2
4501,87,Inactive,40,0.1,26.4
4501,88,Inactive,40,0.1,26.6
4501,89,Inactive,40,0.1,26.8
4501,90,Inactive,40.2,0.1,24
4501,91,Inactive,40.2,0.1,24.2
4501,92,Inactive,40.2,0.1,24.4
4501,93,Inactive,40.2,0.1,24.6
4501,94,Inactive,40.2,0.1,24.8
4501,95,Inactive,40.2,0.1,25
4501,96,Inactive,40.2,0.1,25.2
4501,97,Inactive,40.2,0.1,25.4
4501,98,Inactive,40.2,0.1,25.6
4501,99,Inactive,40.2,0.1,25.8
4501,100,Inactive,40.2,0.1,26
4501,101,Inactive,40.2,0.1,26.2
4501,102,Inactive,40.2,0.1,26.4
4501,103,Inactive,40.2,0.1,26.6
4501,104,Inactive,40.2,0.1,26.8
4501,105,Inactive,40.4,0.1,24
4501,106,Inactive,40.4,0.1,24.2
4501,107,Inactive,40.4,0.1,24.4
4501,108,Inactive,40.4,0.1,24.6
4501,109,Inactive,40.4,0.1,24.8
4501,110,Inactive,40.4,0.1,25
4501,111,Inactive,40.4,0.1,25.2
4501,112,Inactive,40.4,0.1,25.4
4501,113,Inactive,40.4,0.1,25.6
4501,114,Inactive,40.4,0.1,25.8
4501,115,Inactive,40.4,0.1,26
4501,116,Inactive,40.4,0.1,26.2
4501,117,Inactive,40.4,0.1,26.4
4501,118,Inactive,40.4,0.1,26.6
4501,119,Inactive,40.4,0.1,26.8
4501,120,Inactive,40.6,0.1,24
4501,121,Inactive,40.6,0.1,24.2
4501,122,Inactive,40.6,0.1,24.4
4501,123,Inactive,40.6,0.1,24.6
4501,124,Inactive,40.6,0.1,24.8
4501,125,Inactive,40.6,0.1,25
4501,126,Inactive,40.6,0.1,25.2
4501,127,Inactive,40.6,0.1,25.4
4501,128,Inactive,40.6,0.1,25.6
4501,129,Inactive,40.6,0.1,25.8
4501,130,Inactive,40.6,0.1,26
4501,131,Inactive,40.6,0.1,26.2
4501,132,Inactive,40.6,0.1,26.4
4501,133,Inactive,40.6,0.1,26.6
4501,134,Inactive,40.6,0.1,26.8
4501,135,Inactive,40.8,0.1,24
4501,136,Inactive,40.8,0.1,24.2
4501,137,Inactive,40.8,0.1,24.4
4501,138,Inactive,40.8,0.1,24.6
4501,139,Inactive,40.8,0.1,24.8
4501,140,Inactive,40.8,0.1,25
4501,141,Inactive,40.8,0.1,25.2
4501,142,Inactive,40.8,0.1,25.4
4501,143,Inactive,40.8,0.1,25.6
4501,144,Inactive,40.8,0.1,25.8
4501,145,Inactive,40.8,0.1,26
4501,146,Inactive,40.8,0.1,26.2
4501,147,Inactive,40.8,0.1,26.4
4501,148,Inactive,40.8,0.1,26.6
4501,149,Inactive,40.8,0.1,26.8
4501,150,Inactive,41,0.1,24
4501,151,Inactive,41,0.1,24.2
4501,152,Inactive,41,0.1,24.4
4501,153,Inactive,41,0.1,24.6
4501,154,Inactive,41,0.1,24.8
4501,155,Inactive,41,0.1,25
4501,156,Inactive,41,0.1,25.2
4501,157,Inactive,41,0.1,25.4
4501,158,Inactive,41,0.1,25.6
4501,159,Inactive,41,0.1,25.8
4501,160,Inactive,41,0.1,26
4501,161,Inactive,41,0.1,26.2
4501,162,Inactive,41,0.1,26.4
4501,163,Inactive,41,0.1,26.6
4501,164,Inactive,41,0.1,26.8
4501,165,Inactive,41.2,0.1,24
4501,166,Inactive,41.2,0.1,24.2
4501,167,Inactive,41.2,0.1,24.4
4501,168,Inactive,41.2,0.1,24.6
4501,169,Inactive,41.2,0.1,24.8
4501,170,Inactive,41.2,0.1,25
4501,171,Inactive,41.2,0.1,25.2
4501,172,Inactive,41.2,0.1,25.4
4501,173,Inactive,41.2,0.1,25.6
4501,174,Inactive,41.2,0.1,25.8
4501,175,Inactive,41.2,0.1,26
4501,176,Inactive,41.2,0.1,26.2
4501,177,Inactive,41.2,0.1,26.4
4501,178,Inactive,41.2,0.1,26.6
4501,179,Inactive,41.2,0.1,26.8
4501,180,Inactive,41.4,0.1,24
4501,181,Inactive,41.4,0.1,24.2
4501,182,Inactive,41.4,0.1,24.4
4501,183,Inactive,41.4,0.1,24.6
4501,184,Inactive,41.4,0.1,24.8
4501,185,Inactive,41.4,0.1,25
4501,186,Inactive,41.4,0.1,25.2
4501,187,Inactive,41.4,0.1,25.4
4501,188,Inactive,41.4,0.1,25.6
4501,189,Inactive,41.4,0.1,25.8
4501,190,Inactive,41.4,0.1,26
4501,191,Inactive,41.4,0.1,26.2
4501,192,Inactive,41.4,0.1,26.4
4501,193,Inactive,41.4,0.1,26.6
4501,194,Inactive,41.4,0.1,26.8
4501,195,Inactive,41.6,0.1,24
4501,196,Inactive,41.6,0.1,24.2
4501,197,Inactive,41.6,0.1,24.4
4501,198,Inactive,41.6,0.1,24.6
4501,199,Inactive,41.6,0.1,24.8
5001,0,Scouting,36.0793,0.1,40.7526
5001,1,Scouting,23.1072,0.1,3.2386
5001,2,Scouting,31.3439,0.1,44.2138
5001,3,Scouting,43.3273,0.1,32.4814
5001,4,Scouting,33.5379,0.1,26.8612
5001,5,Scouting,45.921,0.1,30.3579
5001,6,Scouting,35.9394,0.1,0.514
5001,7,Scouting,31.4919,0.1,1.2014
5001,8,Scouting,42.0194,0.1,23.1283
5001,9,Scouting,42.8264,0.1,8.5495
5001,10,Scouting,30.2707,0.1,27.1695
5001,11,Scouting,43.6785,0.1,34.8251
5001,12,Scouting,31.1713,0.1,40.5273
5001,13,Scouting,32.762,0.1,2.5367
5001,14,Scouting,31.827,0.1,12.8149
5001,15,Scouting,35.3967,0.1,23.8785
5001,16,Scouting,49.6178,0.1,14.1945
5001,17,Scouting,14.8671,0.1,28.4567
5001,18,Scouting,15.35,0.1,48.2974
5001,19,Scouting,15.3175,0.1,24.2842
5001,20,Scouting,26.5973,0.1,42.3182
5001,21,Scouting,37.5485,0.1,24.9066
5001,22,Scouting,11.5367,0.1,31.2224
5001,23,Scouting,37.4382,0.1,18.4472
5001,24,Scouting,15.2359,0.1,14.0114
5001,25,Scouting,23.4323,0.1,47.8982
5001,26,Scouting,32.9365,0.1,27.3619
5001,27,Scouting,41.8333,0.1,36.4462
5001,28,Scouting,38.2354,0.1,25.7461
5001,29,Scouting,42.7779,0.1,13.3069
5001,30,Scouting,37.0434,0.1,4.0055
5001,31,Scouting,26.4848,0.1,16.5682
5001,32,Scouting,38.8161,0.1,28.3262
5001,33,Scouting,41.8323,0.1,27.911
5001,34,Scouting,42.4772,0.1,29.135
5001,35,Scouting,41.9893,0.1,28.0759
5001,36,Scouting,49.2809,0.1,31.8684
5001,37,Scouting,39.0714,0.1,49.1785
5001,38,Scouting,34.6723,0.1,28.2113
5001,39,Scouting,39.0287,0.1,0.404
5001,40,Scouting,28.2887,0.1,15.3433
5001,41,Scouting,24.6426,0.1,4.4175
5001,42,Scouting,13.254,0.1,15.9332
5001,43,Scouting,36.1204,0.1,27.2417
5001,44,Scouting,43.356,0.1,21.1514
5001,45,Assessing,9.4535,0.1,37.7083
5001,46,Scouting,38.1915,0.1,4.6504
5001,47,Assessing,11.2795,0.1,8.8424
5001,48,Scouting,20.8763,0.1,23.882
5001,49,Inactive,38.4367,0.1,28.0573
5001,50,Inactive,39.6,0.1,25
5001,51,Inactive,39.6,0.1,25.2
5001,52,Inactive,39.6,0.1,25.4
5001,53,Inactive,39.6,0.1,25.6
5001,54,Inactive,39.6,0.1,25.8
5001,55,Inactive,39.6,0.1,26
5001,56,Inactive,39.6,0.1,26.2
5001,57,Inactive,39.6,0.1,26.4
5001,58,Inactive,39.6,0.1,26.6
5001,59,Inactive,39.6,0.1,26.8
5001,60,Inactive,39.8,0.1,24
5001,61,Inactive,39.8,0.1,24.2
5001,62,Inactive,39.8,0.1,24.4
5001,63,Inactive,39.8,0.1,24.6
5001,64,Inactive,39.8,0.1,24.8
5001,65,Inactive,39.8,0.1,25
5001,66,Inactive,39.8,0.1,25.2
5001,67,Inactive,39.8,0.1,25.4
5001,68,Inactive,39.8,0.1,25.6
5001,69,Inactive,39.8,0.1,25.8
5001,70,Inactive,39.8,0.1,26
5001,71,Inactive,39.8,0.1,26.2
5001,72,Inactive,39.8,0.1,26.4
5001,73,Inactive,39.8,0.1,26.6
5001,74,Inactive,39.8,0.1,26.8
5001,75,Inactive,40,0.1,24
5001,76,Inactive,40,0.1,24.2
5001,77,Inactive,40,0.1,24.4
5001,78,Inactive,40,0.1,24.6
5001,79,Inactive,40,0.1,24.8
5001,80,Inactive,40,0.1,25
5001,81,Inactive,40,0.1,25.2
5001,82,Inactive,40,0.1,25.4
5001,83,Inactive,40,0.1,25.6
5001,84,Inactive,40,0.1,25.8
5001,85,Inactive,40,0.1,26
5001,86,Inactive,40,0.1,26.2
5001,87,Inactive,40,0.1,26.4
5001,88,Inactive,40,0.1,26.6
5001,89,Inactive,40,0.1,26.8
5001,90,Inactive,40.2,0.1,24
5001,91,Inactive,40.2,0.1,24.2
5001,92,Inactive,40.2,0.1,24.4
5001,93,Inactive,40.2,0.1,24.6
5001,94,Inactive,40.2,0.1,24.8
5001,95,Inactive,40.2,0.1,25
5001,96,Inactive,40.2,0.1,25.2
5001,97,Inactive,40.2,0.1,25.4
5001,98,Inactive,40.2,0.1,25.6
5001,99,Inactive,40.2,0.1,25.8
5001,100,Inactive,40.2,0.1,26
5001,101,Inactive,40.2,0.1,26.2
5001,102,Inactive,40.2,0.1,26.4
5001,103,Inactive,40.2,0.1,26.6
5001,104,Inactive,40.2,0.1,26.8
5001,105,Inactive,40.4,0.1,24
5001,106,Inactive,40.4,0.1,24.2
5001,107,Inactive,40.4,0.1,24.4
5001,108,Inactive,40.4,0.1,24.6
5001,109,Inactive,40.4,0.1,24.8
5001,110,Inactive,40.4,0.1,25
5001,111,Inactive,40.4,0.1,25.2
5001,112,Inactive,40.4,0.1,25.4
5001,113,Inactive,40.4,0.1,25.6
5001,114,Inactive,40.4,0.1,25.8
5001,115,Inactive,40.4,0.1,26
5001,116,Inactive,40.4,0.1,26.2
5001,117,Inactive,40.4,0.1,26.4
5001,118,Inactive,40.4,0.1,26.6
5001,119,Inactive,40.4,0.1,26.8
5001,120,Inactive,40.6,0.1,24
5001,121,Inactive,40.6,0.1,24.2
5001,122,Inactive,40.6,0.1,24.4
5001,123,Inactive,40.6,0.1,24.6
5001,124,Inactive,40.6,0.1,24.8
5001,125,Inactive,40.6,0.1,25
5001,126,Inactive,40.6,0.1,25.2
5001,127,Inactive,40.6,0.1,25.4
5001,128,Inactive,40.6,0.1,25.6
5001,129,Inactive,40.6,0.1,25.8
5001,130,Inactive,40.6,0.1,26
5001,131,Inactive,40.6,0.1,26.2
5001,132,Inactive,40.6,0.1,26.4
5001,133,Inactive,40.6,0.1,26.6
5001,134,Inactive,40.6,0.1,26.8
5001,135,Inactive,40.8,0.1,24
5001,136,Inactive,40.8,0.1,24.2
5001,137,Inactive,40.8,0.1,24.4
5001,138,Inactive,40.8,0.1,24.6
5001,139,Inactive,40.8,0.1,24.8
5001,140,Inactive,40.8,0.1,25
5001,141,Inactive,40.8,0.1,25.2
5001,142,Inactive,40.8,0.1,25.4
5001,143,Inactive,40.8,0.1,25.6
5001,144,Inactive,40.8,0.1,25.8
5001,145,Inactive,40.8,0.1,26
5001,146,Inactive,40.8,0.1,26.2
5001,147,Inactive,40.8,0.1,26.4
5001,148,Inactive,40.8,0.1,26.6
5001,149,Inactive,40.8,0.1,26.8
5001,150,Inactive,41,0.1,24
5001,151,Inactive,41,0.1,24.2
5001,152,Inactive,41,0.1,24.4
5001,153,Inactive,41,0.1,24.6
5001,154,Inactive,41,0.1,24.8
5001,155,Inactive,41,0.1,25
5001,156,Inactive,41,0.1,25.2
5001,157,Inactive,41,0.1,25.4
5001,158,Inactive,41,0.1,25.6
5001,159,Inactive,41,0.1,25.8
5001,160,Inactive,41,0.1,26
5001,161,Inactive,41,0.1,26.2
5001,162,Inactive,41,0.1,26.4
5001,163,Inactive,41,0.1,26.6
5001,164,Inactive,41,0.1,26.8
5001,165,Inactive,41.2,0.1,24
5001,166,Inactive,41.2,0.1,24.2
5001,167,Inactive,41.2,0.1,24.4
5001,168,Inactive,41.2,0.1,24.6
5001,169,Inactive,41.2,0.1,24.8
5001,170,Inactive,41.2,0.1,25
5001,171,Inactive,41.2,0.1,25.2
5001,172,Inactive,41.2,0.1,25.4
5001,173,Inactive,41.2,0.1,25.6
5001,174,Inactive,41.2,0.1,25.8
5001,175,Inactive,41.2,0.1,26
5001,176,Inactive,41.2,0.1,26.2
5001,177,Inactive,41.2,0.1,26.4
5001,178,Inactive,41.2,0.1,26.6
5001,179,Inactive,41.2,0.1,26.8
5001,180,Inactive,41.4,0.1,24
5001,181,Inactive,41.4,0.1,24.2
5001,182,Inactive,41.4,0.1,24.4
5001,183,Inactive,41.4,0.1,24.6
5001,184,Inactive,41.4,0.1,24.8
5001,185,Inactive,41.4,0.1,25
5001,186,Inactive,41.4,0.1,25.2
5001,187,Inactive,41.4,0.1,25.4
5001,188,Inactive,41.4,0.1,25.6
5001,189,Inactive,41.4,0.1,25.8
5001,190,Inactive,41.4,0.1,26
5001,191,Inactive,41.4,0.1,26.2
5001,192,Inactive,41.4,0.1,26.4
5001,193,Inactive,41.4,0.1,26.6
5001,194,Inactive,41.4,0.1,26.8
5001,195,Inactive,41.6,0.1,24
5001,196,Inactive,41.6,0.1,24.2
5001,197,Inactive,41.6,0.1,24.4
5001,198,Inactive,41.6,0.1,24.6
5001,199,Inactive,41.6,0.1,24.8
