Tick,AntId,State,PosX,PosY,PosZ
1,0,Inactive,38.9981,0.1,24.0035
1,1,Inactive,38.9964,0.1,24.1982
1,2,Inactive,38.9963,0.1,24.3985
1,3,Inactive,38.9971,0.1,24.5972
1,4,Inactive,38.9964,0.1,24.7982
1,5,Inactive,38.996,0.1,25.0002
1,6,Inactive,38.9965,0.1,25.202
1,7,Inactive,38.9963,0.1,25.3986
1,8,Inactive,38.9966,0.1,25.5979
1,9,Inactive,38.997,0.1,25.8027
1,10,Inactive,39.0016,0.1,25.9963
1,11,Inactive,38.9978,0.1,26.2033
1,12,Inactive,39.0016,0.1,26.3963
1,13,Inactive,39.0016,0.1,26.5963
1,14,Inactive,38.9966,0.1,26.7979
1,15,Inactive,39.2,0.1,24
1,16,Inactive,39.2,0.1,24.2
1,17,Inactive,39.2,0.1,24.4
1,18,Inactive,39.1983,0.1,24.6036
1,19,Inactive,39.1981,0.1,24.8035
1,20,Inactive,39.2,0.1,25
1,21,Inactive,39.2,0.1,25.2
1,22,Inactive,39.2,0.1,25.4
1,23,Inactive,39.1982,0.1,25.5964
1,24,Inactive,39.1989,0.1,25.7962
1,25,Inactive,39.2,0.1,26
1,26,Inactive,39.1976,0.1,26.1968
1,27,Inactive,39.1983,0.1,26.3964
1,28,Inactive,39.1971,0.1,26.5972
1,29,Inactive,39.2,0.1,26.8
1,30,Inactive,39.3967,0.1,23.9977
1,31,Inactive,39.3979,0.1,24.1966
1,32,Inactive,39.3977,0.1,24.3967
1,33,Inactive,39.3964,0.1,24.6017
1,34,Inactive,39.3973,0.1,24.797
1,35,Inactive,39.4,0.1,25
1,36,Inactive,39.4,0.1,25.2
1,37,Inactive,39.4,0.1,25.4
1,38,Inactive,39.4,0.1,25.6
1,39,Inactive,39.4,0.1,25.8
1,40,Inactive,39.4,0.1,26
1,41,Inactive,39.3972,0.1,26.1971
1,42,Inactive,39.3977,0.1,26.4033
1,43,Inactive,39.3965,0.1,26.5981
1,44,Inactive,39.3982,0.1,26.7964
1,45,Inactive,39.5964,0.1,23.9983
1,46,Inactive,39.6,0.1,24.2
1,47,Inactive,39.6,0.1,24.4
1,48,Inactive,39.5962,0.1,24.6012
1,49,Inactive,39.5975,0.1,24.7968
1,50,Inactive,39.6,0.1,25
1,51,Inactive,39.6,0.1,25.2
1,52,Inactive,39.6,0.1,25.4
1,53,Inactive,39.6,0.1,25.6
1,54,Inactive,39.6,0.1,25.8
1,55,Inactive,39.6,0.1,26
1,56,Inactive,39.6,0.1,26.2
1,57,Inactive,39.6,0.1,26.4
1,58,Inactive,39.6,0.1,26.6
1,59,Inactive,39.6,0.1,26.8
1,60,Inactive,39.8,0.1,24
1,61,Inactive,39.8,0.1,24.2
1,62,Inactive,39.8,0.1,24.4
1,63,Inactive,39.8,0.1,24.6
1,64,Inactive,39.8,0.1,24.8
1,65,Inactive,39.8,0.1,25
1,66,Inactive,39.8,0.1,25.2
1,67,Inactive,39.8,0.1,25.4
1,68,Inactive,39.8,0.1,25.6
1,69,Inactive,39.8,0.1,25.8
1,70,Inactive,39.8,0.1,26
1,71,Inactive,39.8,0.1,26.2
1,72,Inactive,39.8,0.1,26.4
1,73,Inactive,39.8,0.1,26.6
1,74,Inactive,39.8,0.1,26.8
1,75,Inactive,40,0.1,24
1,76,Inactive,40,0.1,24.2
1,77,Inactive,40,0.1,24.4
1,78,Inactive,40,0.1,24.6
1,79,Inactive,40,0.1,24.8
1,80,Inactive,40,0.1,25
1,81,Inactive,40,0.1,25.2
1,82,Inactive,40,0.1,25.4
1,83,Inactive,40,0.1,25.6
1,84,Inactive,40,0.1,25.8
1,85,Inactive,40,0.1,26
1,86,Inactive,40,0.1,26.2
1,87,Inactive,40,0.1,26.4
1,88,Inactive,40,0.1,26.6
1,89,Inactive,40,0.1,26.8
1,90,Inactive,40.2,0.1,24
1,91,Inactive,40.2,0.1,24.2
1,92,Inactive,40.2,0.1,24.4
1,93,Inactive,40.2,0.1,24.6
1,94,Inactive,40.2,0.1,24.8
1,95,Inactive,40.2,0.1,25
1,96,Inactive,40.2,0.1,25.2
1,97,Inactive,40.2,0.1,25.4
1,98,Inactive,40.2,0.1,25.6
1,99,Inactive,40.2,0.1,25.8
1,100,Inactive,40.2,0.1,26
1,101,Inactive,40.2,0.1,26.2
1,102,Inactive,40.2,0.1,26.4
1,103,Inactive,40.2,0.1,26.6
1,104,Inactive,40.2,0.1,26.8
1,105,Inactive,40.4,0.1,24
1,106,Inactive,40.4,0.1,24.2
1,107,Inactive,40.4,0.1,24.4
1,108,Inactive,40.4,0.1,24.6
1,109,Inactive,40.4,0.1,24.8
1,110,Inactive,40.4,0.1,25
1,111,Inactive,40.4,0.1,25.2
1,112,Inactive,40.4,0.1,25.4
1,113,Inactive,40.4,0.1,25.6
1,114,Inactive,40.4,0.1,25.8
1,115,Inactive,40.4,0.1,26
1,116,Inactive,40.4,0.1,26.2
1,117,Inactive,40.4,0.1,26.4
1,118,Inactive,40.4,0.1,26.6
1,119,Inactive,40.4,0.1,26.8
1,120,Inactive,40.6,0.1,24
1,121,Inactive,40.6,0.1,24.2
1,122,Inactive,40.6,0.1,24.4
1,123,Inactive,40.6,0.1,24.6
1,124,Inactive,40.6,0.1,24.8
1,125,Inactive,40.6,0.1,25
1,126,Inactive,40.6,0.1,25.2
1,127,Inactive,40.6,0.1,25.4
1,128,Inactive,40.6,0.1,25.6
1,129,Inactive,40.6,0.1,25.8
1,130,Inactive,40.6,0.1,26
1,131,Inactive,40.6,0.1,26.2
1,132,Inactive,40.6,0.1,26.4
1,133,Inactive,40.6,0.1,26.6
1,134,Inactive,40.6,0.1,26.8
1,135,Inactive,40.8,0.1,24
1,136,Inactive,40.8,0.1,24.2
1,137,Inactive,40.8,0.1,24.4
1,138,Inactive,40.8,0.1,24.6
1,139,Inactive,40.8,0.1,24.8
1,140,Inactive,40.8,0.1,25
1,141,Inactive,40.8,0.1,25.2
1,142,Inactive,40.8,0.1,25.4
1,143,Inactive,40.8,0.1,25.6
1,144,Inactive,40.8,0.1,25.8
1,145,Inactive,40.8,0.1,26
1,146,Inactive,40.8,0.1,26.2
1,147,Inactive,40.8,0.1,26.4
1,148,Inactive,40.8,0.1,26.6
1,149,Inactive,40.8,0.1,26.8
1,150,Inactive,41,0.1,24
1,151,Inactive,41,0.1,24.2
1,152,Inactive,41,0.1,24.4
1,153,Inactive,41,0.1,24.6
1,154,Inactive,41,0.1,24.8
1,155,Inactive,41,0.1,25
1,156,Inactive,41,0.1,25.2
1,157,Inactive,41,0.1,25.4
1,158,Inactive,41,0.1,25.6
1,159,Inactive,41,0.1,25.8
1,160,Inactive,41,0.1,26
1,161,Inactive,41,0.1,26.2
1,162,Inactive,41,0.1,26.4
1,163,Inactive,41,0.1,26.6
1,164,Inactive,41,0.1,26.8
1,165,Inactive,41.2,0.1,24
1,166,Inactive,41.2,0.1,24.2
1,167,Inactive,41.2,0.1,24.4
1,168,Inactive,41.2,0.1,24.6
1,169,Inactive,41.2,0.1,24.8
1,170,Inactive,41.2,0.1,25
1,171,Inactive,41.2,0.1,25.2
1,172,Inactive,41.2,0.1,25.4
1,173,Inactive,41.2,0.1,25.6
1,174,Inactive,41.2,0.1,25.8
1,175,Inactive,41.2,0.1,26
1,176,Inactive,41.2,0.1,26.2
1,177,Inactive,41.2,0.1,26.4
1,178,Inactive,41.2,0.1,26.6
1,179,Inactive,41.2,0.1,26.8
1,180,Inactive,41.4,0.1,24
1,181,Inactive,41.4,0.1,24.2
1,182,Inactive,41.4,0.1,24.4
1,183,Inactive,41.4,0.1,24.6
1,184,Inactive,41.4,0.1,24.8
1,185,Inactive,41.4,0.1,25
1,186,Inactive,41.4,0.1,25.2
1,187,Inactive,41.4,0.1,25.4
1,188,Inactive,41.4,0.1,25.6
1,189,Inactive,41.4,0.1,25.8
1,190,Inactive,41.4,0.1,26
1,191,Inactive,41.4,0.1,26.2
1,192,Inactive,41.4,0.1,26.4
1,193,Inactive,41.4,0.1,26.6
1,194,Inactive,41.4,0.1,26.8
1,195,Inactive,41.6,0.1,24
1,196,Inactive,41.6,0.1,24.2
1,197,Inactive,41.6,0.1,24.4
1,198,Inactive,41.6,0.1,24.6
1,199,Inactive,41.6,0.1,24.8
501,0,Scouting,33.0235,0.1,23.9214
501,1,Scouting,35.4485,0.1,24.7263
501,2,Scouting,42.2293,0.1,25.3982
501,3,Scouting,37.0529,0.1,29.7198
501,4,Scouting,37.7864,0.1,22.0903
501,5,Scouting,33.5163,0.1,20.6192
501,6,Scouting,40.1056,0.1,21.5051
501,7,Scouting,37.6676,0.1,26.4174
501,8,Scouting,39.8626,0.1,28.1923
501,9,Scouting,36.3766,0.1,24.8756
501,10,Scouting,40.1557,0.1,28.202
501,11,Scouting,38.9766,0.1,28.0075
501,12,Scouting,32.8691,0.1,24.072
501,13,Scouting,37.5404,0.1,25.0254
501,14,Scouting,41.5878,0.1,25.4522
501,15,Scouting,42.1207,0.1,21.9646
501,16,Scouting,41.4972,0.1,21.6038
501,17,Scouting,40.7171,0.1,24.1528
501,18,Scouting,37.7535,0.1,26.8996
501,19,Scouting,33.8988,0.1,24.9622
501,20,Scouting,36.6046,0.1,29.8805
501,21,Scouting,37.5479,0.1,25.1821
501,22,Scouting,40.2285,0.1,21.606
501,23,Scouting,39.4165,0.1,26.3222
501,24,Scouting,37.1565,0.1,20.7625
501,25,Scouting,39.7947,0.1,21.6177
501,26,Scouting,39.1635,0.1,27.2461
501,27,Scouting,40.9079,0.1,21.5643
501,28,Scouting,42.2004,0.1,27.2002
501,29,Scouting,39.8417,0.1,25.0075
501,30,Inactive,40.3847,0.1,23.0493
501,31,Inactive,39.5391,0.1,22.4617
501,32,Inactive,39.516,0.1,23.3183
501,33,Inactive,39.59,0.1,24.9788
501,34,Inactive,38.7433,0.1,25.7027
501,35,Inactive,40.2771,0.1,26.2742
501,36,Inactive,38.2281,0.1,24.9628
501,37,Inactive,40.5005,0.1,24.8028
501,38,Inactive,39.12,0.1,26.1857
501,39,Inactive,40.9821,0.1,25.762
501,40,Inactive,39.2446,0.1,25.7484
501,41,Inactive,39.7571,0.1,25.3192
501,42,Inactive,39.6274,0.1,26.1161
501,43,Inactive,41.1586,0.1,26.6323
501,44,Inactive,40.8927,0.1,27.4312
501,45,Inactive,40.3841,0.1,22.4941
501,46,Inactive,40.315,0.1,23.732
501,47,Inactive,40.5501,0.1,25.1852
501,48,Inactive,40.7498,0.1,24.7415
501,49,Inactive,38.9664,0.1,23.4904
501,50,Inactive,39.6,0.1,25
501,51,Inactive,39.6,0.1,25.2
501,52,Inactive,39.6,0.1,25.4
501,53,Inactive,39.6,0.1,25.6
501,54,Inactive,39.6,0.1,25.8
501,55,Inactive,39.6,0.1,26
501,56,Inactive,39.6,0.1,26.2
501,57,Inactive,39.6,0.1,26.4
501,58,Inactive,39.6,0.1,26.6
501,59,Inactive,39.6,0.1,26.8
501,60,Inactive,39.8,0.1,24
501,61,Inactive,39.8,0.1,24.2
501,62,Inactive,39.8,0.1,24.4
501,63,Inactive,39.8,0.1,24.6
501,64,Inactive,39.8,0.1,24.8
501,65,Inactive,39.8,0.1,25
501,66,Inactive,39.8,0.1,25.2
501,67,Inactive,39.8,0.1,25.4
501,68,Inactive,39.8,0.1,25.6
501,69,Inactive,39.8,0.1,25.8
501,70,Inactive,39.8,0.1,26
501,71,Inactive,39.8,0.1,26.2
501,72,Inactive,39.8,0.1,26.4
501,73,Inactive,39.8,0.1,26.6
501,74,Inactive,39.8,0.1,26.8
501,75,Inactive,40,0.1,24
501,76,Inactive,40,0.1,24.2
501,77,Inactive,40,0.1,24.4
501,78,Inactive,40,0.1,24.6
501,79,Inactive,40,0.1,24.8
501,80,Inactive,40,0.1,25
501,81,Inactive,40,0.1,25.2
501,82,Inactive,40,0.1,25.4
501,83,Inactive,40,0.1,25.6
501,84,Inactive,40,0.1,25.8
501,85,Inactive,40,0.1,26
501,86,Inactive,40,0.1,26.2
501,87,Inactive,40,0.1,26.4
501,88,Inactive,40,0.1,26.6
501,89,Inactive,40,0.1,26.8
501,90,Inactive,40.2,0.1,24
501,91,Inactive,40.2,0.1,24.2
501,92,Inactive,40.2,0.1,24.4
501,93,Inactive,40.2,0.1,24.6
501,94,Inactive,40.2,0.1,24.8
501,95,Inactive,40.2,0.1,25
501,96,Inactive,40.2,0.1,25.2
501,97,Inactive,40.2,0.1,25.4
501,98,Inactive,40.2,0.1,25.6
501,99,Inactive,40.2,0.1,25.8
501,100,Inactive,40.2,0.1,26
501,101,Inactive,40.2,0.1,26.2
501,102,Inactive,40.2,0.1,26.4
501,103,Inactive,40.2,0.1,26.6
501,104,Inactive,40.2,0.1,26.8
501,105,Inactive,40.4,0.1,24
501,106,Inactive,40.4,0.1,24.2
501,107,Inactive,40.4,0.1,24.4
501,108,Inactive,40.4,0.1,24.6
501,109,Inactive,40.4,0.1,24.8
501,110,Inactive,40.4,0.1,25
501,111,Inactive,40.4,0.1,25.2
501,112,Inactive,40.4,0.1,25.4
501,113,Inactive,40.4,0.1,25.6
501,114,Inactive,40.4,0.1,25.8
501,115,Inactive,40.4,0.1,26
501,116,Inactive,40.4,0.1,26.2
501,117,Inactive,40.4,0.1,26.4
501,118,Inactive,40.4,0.1,26.6
501,119,Inactive,40.4,0.1,26.8
501,120,Inactive,40.6,0.1,24
501,121,Inactive,40.6,0.1,24.2
501,122,Inactive,40.6,0.1,24.4
501,123,Inactive,40.6,0.1,24.6
501,124,Inactive,40.6,0.1,24.8
501,125,Inactive,40.6,0.1,25
501,126,Inactive,40.6,0.1,25.2
501,127,Inactive,40.6,0.1,25.4
501,128,Inactive,40.6,0.1,25.6
501,129,Inactive,40.6,0.1,25.8
501,130,Inactive,40.6,0.1,26
501,131,Inactive,40.6,0.1,26.2
501,132,Inactive,40.6,0.1,26.4
501,133,Inactive,40.6,0.1,26.6
501,134,Inactive,40.6,0.1,26.8
501,135,Inactive,40.8,0.1,24
501,136,Inactive,40.8,0.1,24.2
501,137,Inactive,40.8,0.1,24.4
501,138,Inactive,40.8,0.1,24.6
501,139,Inactive,40.8,0.1,24.8
501,140,Inactive,40.8,0.1,25
501,141,Inactive,40.8,0.1,25.2
501,142,Inactive,40.8,0.1,25.4
501,143,Inactive,40.8,0.1,25.6
501,144,Inactive,40.8,0.1,25.8
501,145,Inactive,40.8,0.1,26
501,146,Inactive,40.8,0.1,26.2
501,147,Inactive,40.8,0.1,26.4
501,148,Inactive,40.8,0.1,26.6
501,149,Inactive,40.8,0.1,26.8
501,150,Inactive,41,0.1,24
501,151,Inactive,41,0.1,24.2
501,152,Inactive,41,0.1,24.4
501,153,Inactive,41,0.1,24.6
501,154,Inactive,41,0.1,24.8
501,155,Inactive,41,0.1,25
501,156,Inactive,41,0.1,25.2
501,157,Inactive,41,0.1,25.4
501,158,Inactive,41,0.1,25.6
501,159,Inactive,41,0.1,25.8
501,160,Inactive,41,0.1,26
501,161,Inactive,41,0.1,26.2
501,162,Inactive,41,0.1,26.4
501,163,Inactive,41,0.1,26.6
501,164,Inactive,41,0.1,26.8
501,165,Inactive,41.2,0.1,24
501,166,Inactive,41.2,0.1,24.2
501,167,Inactive,41.2,0.1,24.4
501,168,Inactive,41.2,0.1,24.6
501,169,Inactive,41.2,0.1,24.8
501,170,Inactive,41.2,0.1,25
501,171,Inactive,41.2,0.1,25.2
501,172,Inactive,41.2,0.1,25.4
501,173,Inactive,41.2,0.1,25.6
501,174,Inactive,41.2,0.1,25.8
501,175,Inactive,41.2,0.1,26
501,176,Inactive,41.2,0.1,26.2
501,177,Inactive,41.2,0.1,26.4
501,178,Inactive,41.2,0.1,26.6
501,179,Inactive,41.2,0.1,26.8
501,180,Inactive,41.4,0.1,24
501,181,Inactive,41.4,0.1,24.2
501,182,Inactive,41.4,0.1,24.4
501,183,Inactive,41.4,0.1,24.6
501,184,Inactive,41.4,0.1,24.8
501,185,Inactive,41.4,0.1,25
501,186,Inactive,41.4,0.1,25.2
501,187,Inactive,41.4,0.1,25.4
501,188,Inactive,41.4,0.1,25.6
501,189,Inactive,41.4,0.1,25.8
501,190,Inactive,41.4,0.1,26
501,191,Inactive,41.4,0.1,26.2
501,192,Inactive,41.4,0.1,26.4
501,193,Inactive,41.4,0.1,26.6
501,194,Inactive,41.4,0.1,26.8
501,195,Inactive,41.6,0.1,24
501,196,Inactive,41.6,0.1,24.2
501,197,Inactive,41.6,0.1,24.4
501,198,Inactive,41.6,0.1,24.6
501,199,Inactive,41.6,0.1,24.8
1001,0,Scouting,27.7098,0.1,20.7677
1001,1,Scouting,31.0984,0.1,31.3112
1001,2,Scouting,42.1457,0.1,23.6234
1001,3,Scouting,29.7746,0.1,33.0419
1001,4,Scouting,42.2076,0.1,26.9211
1001,5,Scouting,26.584,0.1,16.6555
1001,6,Scouting,42.1167,0.1,23.8655
1001,7,Scouting,35.6069,0.1,18.5207
1001,8,Scouting,41.2783,0.1,21.6051
1001,9,Scouting,37.8399,0.1,18.1936
1001,10,Scouting,38.9693,0.1,26.1923
1001,11,Scouting,40.5814,0.1,28.3961
1001,12,Scouting,30.0027,0.1,19.7018
1001,13,Scouting,30.1276,0.1,24.4618
1001,14,Scouting,37.6861,0.1,25.8655
1001,15,Scouting,36.2832,0.1,24.2926
1001,16,Scouting,39.9362,0.1,26.1697
1001,17,Scouting,39.8932,0.1,28.3951
1001,18,Scouting,32.4492,0.1,22.0549
1001,19,Scouting,26.4221,0.1,25.7592
1001,20,Scouting,33.1426,0.1,36.7794
1001,21,Scouting,32.2433,0.1,19.7585
1001,22,Scouting,38.908,0.1,21.6348
1001,23,Scouting,42.2047,0.1,27.182
1001,24,Scouting,36.5213,0.1,12.824
1001,25,Scouting,37.2915,0.1,20.9499
1001,26,Scouting,36.4342,0.1,21.1715
1001,27,Scouting,39.0905,0.1,23.5964
1001,28,Scouting,38.7752,0.1,24.9996
1001,29,Scouting,40.713,0.1,21.6617
1001,30,Inactive,39.1484,0.1,22.6037
1001,31,Inactive,38.5437,0.1,21.5546
1001,32,Inactive,40.2396,0.1,24.4685
1001,33,Inactive,41.1473,0.1,24.2945
1001,34,Inactive,38.5189,0.1,25.4946
1001,35,Inactive,40.2789,0.1,26.5243
1001,36,Inactive,38.2608,0.1,24.2686
1001,37,Inactive,40.9143,0.1,23.9576
1001,38,Inactive,40.4879,0.1,26.2867
1001,39,Inactive,42.2273,0.1,24.9564
1001,40,Inactive,38.2023,0.1,24.5106
1001,41,Inactive,40.6111,0.1,25.0928
1001,42,Inactive,38.8063,0.1,25.3157
1001,43,Inactive,42.0361,0.1,26.6039
1001,44,Inactive,42.1573,0.1,28.2066
1001,45,Inactive,41.4107,0.1,21.5684
1001,46,Inactive,40.4927,0.1,22.0565
1001,47,Inactive,41.835,0.1,25.9172
1001,48,Inactive,38.8801,0.1,24.613
1001,49,Inactive,39.7466,0.1,22.0826
1001,50,Inactive,39.6,0.1,25
1001,51,Inactive,39.6,0.1,25.2
1001,52,Inactive,39.6,0.1,25.4
1001,53,Inactive,39.6,0.1,25.6
1001,54,Inactive,39.6,0.1,25.8
1001,55,Inactive,39.6,0.1,26
1001,56,Inactive,39.6,0.1,26.2
1001,57,Inactive,39.6,0.1,26.4
1001,58,Inactive,39.6,0.1,26.6
1001,59,Inactive,39.6,0.1,26.8
1001,60,Inactive,39.8,0.1,24
1001,61,Inactive,39.8,0.1,24.2
1001,62,Inactive,39.8,0.1,24.4
1001,63,Inactive,39.8,0.1,24.6
1001,64,Inactive,39.8,0.1,24.8
1001,65,Inactive,39.8,0.1,25
1001,66,Inactive,39.8,0.1,25.2
1001,67,Inactive,39.8,0.1,25.4
1001,68,Inactive,39.8,0.1,25.6
1001,69,Inactive,39.8,0.1,25.8
1001,70,Inactive,39.8,0.1,26
1001,71,Inactive,39.8,0.1,26.2
1001,72,Inactive,39.8,0.1,26.4
1001,73,Inactive,39.8,0.1,26.6
1001,74,Inactive,39.8,0.1,26.8
1001,75,Inactive,40,0.1,24
1001,76,Inactive,40,0.1,24.2
1001,77,Inactive,40,0.1,24.4
1001,78,Inactive,40,0.1,24.6
1001,79,Inactive,40,0.1,24.8
1001,80,Inactive,40,0.1,25
1001,81,Inactive,40,0.1,25.2
1001,82,Inactive,40,0.1,25.4
1001,83,Inactive,40,0.1,25.6
1001,84,Inactive,40,0.1,25.8
1001,85,Inactive,40,0.1,26
1001,86,Inactive,40,0.1,26.2
1001,87,Inactive,40,0.1,26.4
1001,88,Inactive,40,0.1,26.6
1001,89,Inactive,40,0.1,26.8
1001,90,Inactive,40.2,0.1,24
1001,91,Inactive,40.2,0.1,24.2
1001,92,Inactive,40.2,0.1,24.4
1001,93,Inactive,40.2,0.1,24.6
1001,94,Inactive,40.2,0.1,24.8
1001,95,Inactive,40.2,0.1,25
1001,96,Inactive,40.2,0.1,25.2
1001,97,Inactive,40.2,0.1,25.4
1001,98,Inactive,40.2,0.1,25.6
1001,99,Inactive,40.2,0.1,25.8
1001,100,Inactive,40.2,0.1,26
1001,101,Inactive,40.2,0.1,26.2
1001,102,Inactive,40.2,0.1,26.4
1001,103,Inactive,40.2,0.1,26.6
1001,104,Inactive,40.2,0.1,26.8
1001,105,Inactive,40.4,0.1,24
1001,106,Inactive,40.4,0.1,24.2
1001,107,Inactive,40.4,0.1,24.4
1001,108,Inactive,40.4,0.1,24.6
1001,109,Inactive,40.4,0.1,24.8
1001,110,Inactive,40.4,0.1,25
1001,111,Inactive,40.4,0.1,25.2
1001,112,Inactive,40.4,0.1,25.4
1001,113,Inactive,40.4,0.1,25.6
1001,114,Inactive,40.4,0.1,25.8
1001,115,Inactive,40.4,0.1,26
1001,116,Inactive,40.4,0.1,26.2
1001,117,Inactive,40.4,0.1,26.4
1001,118,Inactive,40.4,0.1,26.6
1001,119,Inactive,40.4,0.1,26.8
1001,120,Inactive,40.6,0.1,24
1001,121,Inactive,40.6,0.1,24.2
1001,122,Inactive,40.6,0.1,24.4
1001,123,Inactive,40.6,0.1,24.6
1001,124,Inactive,40.6,0.1,24.8
1001,125,Inactive,40.6,0.1,25
1001,126,Inactive,40.6,0.1,25.2
1001,127,Inactive,40.6,0.1,25.4
1001,128,Inactive,40.6,0.1,25.6
1001,129,Inactive,40.6,0.1,25.8
1001,130,Inactive,40.6,0.1,26
1001,131,Inactive,40.6,0.1,26.2
1001,132,Inactive,40.6,0.1,26.4
1001,133,Inactive,40.6,0.1,26.6
1001,134,Inactive,40.6,0.1,26.8
1001,135,Inactive,40.8,0.1,24
1001,136,Inactive,40.8,0.1,24.2
1001,137,Inactive,40.8,0.1,24.4
1001,138,Inactive,40.8,0.1,24.6
1001,139,Inactive,40.8,0.1,24.8
1001,140,Inactive,40.8,0.1,25
1001,141,Inactive,40.8,0.1,25.2
1001,142,Inactive,40.8,0.1,25.4
1001,143,Inactive,40.8,0.1,25.6
1001,144,Inactive,40.8,0.1,25.8
1001,145,Inactive,40.8,0.1,26
1001,146,Inactive,40.8,0.1,26.2
1001,147,Inactive,40.8,0.1,26.4
1001,148,Inactive,40.8,0.1,26.6
1001,149,Inactive,40.8,0.1,26.8
1001,150,Inactive,41,0.1,24
1001,151,Inactive,41,0.1,24.2
1001,152,Inactive,41,0.1,24.4
1001,153,Inactive,41,0.1,24.6
1001,154,Inactive,41,0.1,24.8
1001,155,Inactive,41,0.1,25
1001,156,Inactive,41,0.1,25.2
1001,157,Inactive,41,0.1,25.4
1001,158,Inactive,41,0.1,25.6
1001,159,Inactive,41,0.1,25.8
1001,160,Inactive,41,0.1,26
1001,161,Inactive,41,0.1,26.2
1001,162,Inactive,41,0.1,26.4
1001,163,Inactive,41,0.1,26.6
1001,164,Inactive,41,0.1,26.8
1001,165,Inactive,41.2,0.1,24
1001,166,Inactive,41.2,0.1,24.2
1001,167,Inactive,41.2,0.1,24.4
1001,168,Inactive,41.2,0.1,24.6
1001,169,Inactive,41.2,0.1,24.8
1001,170,Inactive,41.2,0.1,25
1001,171,Inactive,41.2,0.1,25.2
1001,172,Inactive,41.2,0.1,25.4
1001,173,Inactive,41.2,0.1,25.6
1001,174,Inactive,41.2,0.1,25.8
1001,175,Inactive,41.2,0.1,26
1001,176,Inactive,41.2,0.1,26.2
1001,177,Inactive,41.2,0.1,26.4
1001,178,Inactive,41.2,0.1,26.6
1001,179,Inactive,41.2,0.1,26.8
1001,180,Inactive,41.4,0.1,24
1001,181,Inactive,41.4,0.1,24.2
1001,182,Inactive,41.4,0.1,24.4
1001,183,Inactive,41.4,0.1,24.6
1001,184,Inactive,41.4,0.1,24.8
1001,185,Inactive,41.4,0.1,25
1001,186,Inactive,41.4,0.1,25.2
1001,187,Inactive,41.4,0.1,25.4
1001,188,Inactive,41.4,0.1,25.6
1001,189,Inactive,41.4,0.1,25.8
1001,190,Inactive,41.4,0.1,26
1001,191,Inactive,41.4,0.1,26.2
1001,192,Inactive,41.4,0.1,26.4
1001,193,Inactive,41.4,0.1,26.6
1001,194,Inactive,41.4,0.1,26.8
1001,195,Inactive,41.6,0.1,24
1001,196,Inactive,41.6,0.1,24.2
1001,197,Inactive,41.6,0.1,24.4
1001,198,Inactive,41.6,0.1,24.6
1001,199,Inactive,41.6,0.1,24.8
1501,0,Scouting,23.4094,0.1,25.3046
1501,1,Scouting,34.6255,0.1,32.9208
1501,2,Scouting,37.7713,0.1,24.3852
1501,3,Scouting,27.413,0.1,27.4906
1501,4,Scouting,40.2218,0.1,25.1125
1501,5,Scouting,25.067,0.1,22.8217
1501,6,Scouting,38.6994,0.1,25.9386
1501,7,Scouting,33.3682,0.1,10.9911
1501,8,Scouting,38.7974,0.1,28.4694
1501,9,Scouting,41.686,0.1,16.1467
1501,10,Scouting,33.0364,0.1,20.9517
1501,11,Scouting,41.5903,0.1,23.6705
1501,12,Scouting,35.9073,0.1,24.4841
1501,13,Scouting,23.0075,0.1,21.6319
1501,14,Scouting,31.7952,0.1,27.5974
1501,15,Scouting,40.1685,0.1,18.79
1501,16,Scouting,37.8157,0.1,23.8729
1501,17,Scouting,42.2259,0.1,21.961
1501,18,Scouting,33.1076,0.1,15.1371
1501,19,Scouting,18.5907,0.1,24.021
1501,20,Scouting,26.7938,0.1,34.3328
1501,21,Scouting,36.2544,0.1,20.3979
1501,22,Scouting,36.1734,0.1,24.3772
1501,23,Scouting,41.1277,0.1,24.1826
1501,24,Scouting,31.4741,0.1,7.0365
1501,25,Scouting,30.3991,0.1,17.5806
1501,26,Scouting,31.9803,0.1,15.0079
1501,27,Scouting,41.01,0.1,21.8203
1501,28,Scouting,38.3912,0.1,25.3637
1501,29,Scouting,38.9946,0.1,25.2116
1501,30,Inactive,39.7616,0.1,23.987
1501,31,Inactive,38.5667,0.1,22.314
1501,32,Inactive,40.2513,0.1,26.1661
1501,33,Inactive,42.2981,0.1,24.5014
1501,34,Inactive,40.3442,0.1,25.93
1501,35,Inactive,39.9036,0.1,26.1702
1501,36,Inactive,38.3922,0.1,22.4761
1501,37,Inactive,41.192,0.1,25.7294
1501,38,Inactive,42.1797,0.1,25.3922
1501,39,Inactive,41.8057,0.1,23.1623
1501,40,Inactive,38.1459,0.1,22.8499
1501,41,Inactive,41.8939,0.1,24.0332
1501,42,Inactive,39.3202,0.1,26.5512
1501,43,Inactive,40.9573,0.1,26.2614
1501,44,Inactive,41.0733,0.1,28.3654
1501,45,Inactive,42.2374,0.1,22.7194
1501,46,Inactive,39.1864,0.1,23.2217
1501,47,Inactive,40.4252,0.1,26.2458
1501,48,Inactive,37.6095,0.1,25.1021
1501,49,Inactive,41.3817,0.1,21.5931
1501,50,Inactive,39.6,0.1,25
1501,51,Inactive,39.6,0.1,25.2
1501,52,Inactive,39.6,0.1,25.4
1501,53,Inactive,39.6,0.1,25.6
1501,54,Inactive,39.6,0.1,25.8
1501,55,Inactive,39.6,0.1,26
1501,56,Inactive,39.6,0.1,26.2
1501,57,Inactive,39.6,0.1,26.4
1501,58,Inactive,39.6,0.1,26.6
1501,59,Inactive,39.6,0.1,26.8
1501,60,Inactive,39.8,0.1,24
1501,61,Inactive,39.8,0.1,24.2
1501,62,Inactive,39.8,0.1,24.4
1501,63,Inactive,39.8,0.1,24.6
1501,64,Inactive,39.8,0.1,24.8
1501,65,Inactive,39.8,0.1,25
1501,66,Inactive,39.8,0.1,25.2
1501,67,Inactive,39.8,0.1,25.4
1501,68,Inactive,39.8,0.1,25.6
1501,69,Inactive,39.8,0.1,25.8
1501,70,Inactive,39.8,0.1,26
1501,71,Inactive,39.8,0.1,26.2
1501,72,Inactive,39.8,0.1,26.4
1501,73,Inactive,39.8,0.1,26.6
1501,74,Inactive,39.8,0.1,26.8
1501,75,Inactive,40,0.1,24
1501,76,Inactive,40,0.1,24.2
1501,77,Inactive,40,0.1,24.4
1501,78,Inactive,40,0.1,24.6
1501,79,Inactive,40,0.1,24.8
1501,80,Inactive,40,0.1,25
1501,81,Inactive,40,0.1,25.2
1501,82,Inactive,40,0.1,25.4
1501,83,Inactive,40,0.1,25.6
1501,84,Inactive,40,0.1,25.8
1501,85,Inactive,40,0.1,26
1501,86,Inactive,40,0.1,26.2
1501,87,Inactive,40,0.1,26.4
1501,88,Inactive,40,0.1,26.6
1501,89,Inactive,40,0.1,26.8
1501,90,Inactive,40.2,0.1,24
1501,91,Inactive,40.2,0.1,24.2
1501,92,Inactive,40.2,0.1,24.4
1501,93,Inactive,40.2,0.1,24.6
1501,94,Inactive,40.2,0.1,24.8
1501,95,Inactive,40.2,0.1,25
1501,96,Inactive,40.2,0.1,25.2
1501,97,Inactive,40.2,0.1,25.4
1501,98,Inactive,40.2,0.1,25.6
1501,99,Inactive,40.2,0.1,25.8
1501,100,Inactive,40.2,0.1,26
1501,101,Inactive,40.2,0.1,26.2
1501,102,Inactive,40.2,0.1,26.4
1501,103,Inactive,40.2,0.1,26.6
1501,104,Inactive,40.2,0.1,26.8
1501,105,Inactive,40.4,0.1,24
1501,106,Inactive,40.4,0.1,24.2
1501,107,Inactive,40.4,0.1,24.4
1501,108,Inactive,40.4,0.1,24.6
1501,109,Inactive,40.4,0.1,24.8
1501,110,Inactive,40.4,0.1,25
1501,111,Inactive,40.4,0.1,25.2
1501,112,Inactive,40.4,0.1,25.4
1501,113,Inactive,40.4,0.1,25.6
1501,114,Inactive,40.4,0.1,25.8
1501,115,Inactive,40.4,0.1,26
1501,116,Inactive,40.4,0.1,26.2
1501,117,Inactive,40.4,0.1,26.4
1501,118,Inactive,40.4,0.1,26.6
1501,119,Inactive,40.4,0.1,26.8
1501,120,Inactive,40.6,0.1,24
1501,121,Inactive,40.6,0.1,24.2
1501,122,Inactive,40.6,0.1,24.4
1501,123,Inactive,40.6,0.1,24.6
1501,124,Inactive,40.6,0.1,24.8
1501,125,Inactive,40.6,0.1,25
1501,126,Inactive,40.6,0.1,25.2
1501,127,Inactive,40.6,0.1,25.4
1501,128,Inactive,40.6,0.1,25.6
1501,129,Inactive,40.6,0.1,25.8
1501,130,Inactive,40.6,0.1,26
1501,131,Inactive,40.6,0.1,26.2
1501,132,Inactive,40.6,0.1,26.4
1501,133,Inactive,40.6,0.1,26.6
1501,134,Inactive,40.6,0.1,26.8
1501,135,Inactive,40.8,0.1,24
1501,136,Inactive,40.8,0.1,24.2
1501,137,Inactive,40.8,0.1,24.4
1501,138,Inactive,40.8,0.1,24.6
1501,139,Inactive,40.8,0.1,24.8
1501,140,Inactive,40.8,0.1,25
1501,141,Inactive,40.8,0.1,25.2
1501,142,Inactive,40.8,0.1,25.4
1501,143,Inactive,40.8,0.1,25.6
1501,144,Inactive,40.8,0.1,25.8
1501,145,Inactive,40.8,0.1,26
1501,146,Inactive,40.8,0.1,26.2
1501,147,Inactive,40.8,0.1,26.4
1501,148,Inactive,40.8,0.1,26.6
1501,149,Inactive,40.8,0.1,26.8
1501,150,Inactive,41,0.1,24
1501,151,Inactive,41,0.1,24.2
1501,152,Inactive,41,0.1,24.4
1501,153,Inactive,41,0.1,24.6
1501,154,Inactive,41,0.1,24.8
1501,155,Inactive,41,0.1,25
1501,156,Inactive,41,0.1,25.2
1501,157,Inactive,41,0.1,25.4
1501,158,Inactive,41,0.1,25.6
1501,159,Inactive,41,0.1,25.8
1501,160,Inactive,41,0.1,26
1501,161,Inactive,41,0.1,26.2
1501,162,Inactive,41,0.1,26.4
1501,163,Inactive,41,0.1,26.6
1501,164,Inactive,41,0.1,26.8
1501,165,Inactive,41.2,0.1,24
1501,166,Inactive,41.2,0.1,24.2
1501,167,Inactive,41.2,0.1,24.4
1501,168,Inactive,41.2,0.1,24.6
1501,169,Inactive,41.2,0.1,24.8
1501,170,Inactive,41.2,0.1,25
1501,171,Inactive,41.2,0.1,25.2
1501,172,Inactive,41.2,0.1,25.4
1501,173,Inactive,41.2,0.1,25.6
1501,174,Inactive,41.2,0.1,25.8
1501,175,Inactive,41.2,0.1,26
1501,176,Inactive,41.2,0.1,26.2
1501,177,Inactive,41.2,0.1,26.4
1501,178,Inactive,41.2,0.1,26.6
1501,179,Inactive,41.2,0.1,26.8
1501,180,Inactive,41.4,0.1,24
1501,181,Inactive,41.4,0.1,24.2
1501,182,Inactive,41.4,0.1,24.4
1501,183,Inactive,41.4,0.1,24.6
1501,184,Inactive,41.4,0.1,24.8
1501,185,Inactive,41.4,0.1,25
1501,186,Inactive,41.4,0.1,25.2
1501,187,Inactive,41.4,0.1,25.4
1501,188,Inactive,41.4,0.1,25.6
1501,189,Inactive,41.4,0.1,25.8
1501,190,Inactive,41.4,0.1,26
1501,191,Inactive,41.4,0.1,26.2
1501,192,Inactive,41.4,0.1,26.4
1501,193,Inactive,41.4,0.1,26.6
1501,194,Inactive,41.4,0.1,26.8
1501,195,Inactive,41.6,0.1,24
1501,196,Inactive,41.6,0.1,24.2
1501,197,Inactive,41.6,0.1,24.4
1501,198,Inactive,41.6,0.1,24.6
1501,199,Inactive,41.6,0.1,24.8
2001,0,Scouting,15.9636,0.1,24.5461
2001,1,Scouting,35.3061,0.1,26.8692
2001,2,Scouting,38.5006,0.1,31.9181
2001,3,Scouting,33.946,0.1,23.1689
2001,4,Scouting,39.9105,0.1,27.175
2001,5,Scouting,17.4157,0.1,21.2634
2001,6,Scouting,42.0318,0.1,28.1753
2001,7,Scouting,30.7155,0.1,3.6294
2001,8,Scouting,34.3011,0.1,22.8778
2001,9,Scouting,35.0399,0.1,15.4835
2001,10,Scouting,27.593,0.1,26.6938
2001,11,Scouting,40.7512,0.1,23.075
2001,12,Scouting,42.2066,0.1,22.1672
2001,13,Scouting,18.45,0.1,15.5271
2001,14,Scouting,29.454,0.1,32.3122
2001,15,Scouting,39.7361,0.1,14.5675
2001,16,Scouting,41.9802,0.1,24.4381
2001,17,Scouting,35.8349,0.1,24.232
2001,18,Scouting,33.277,0.1,7.2653
2001,19,Scouting,17.0123,0.1,16.8423
2001,20,Scouting,27.2543,0.1,26.3742
2001,21,Scouting,41.0264,0.1,13.7688
2001,22,Scouting,28.7085,0.1,22.3291
2001,23,Scouting,38.0323,0.1,26.9449
2001,24,Scouting,25.65,0.1,1.93
2001,25,Scouting,34.8076,0.1,11.9412
2001,26,Scouting,37.4107,0.1,9.3651
2001,27,Scouting,38.1066,0.1,21.7279
2001,28,Scouting,42.2764,0.1,25.1899
2001,29,Scouting,38.882,0.1,27.743
2001,30,Inactive,41.446,0.1,24.167
2001,31,Inactive,38.3769,0.1,21.6229
2001,32,Inactive,40.9397,0.1,25.6717
2001,33,Inactive,40.6331,0.1,25.3124
2001,34,Inactive,40.0601,0.1,25.4266
2001,35,Inactive,39.8912,0.1,26.3333
2001,36,Inactive,37.713,0.1,23.3794
2001,37,Inactive,40.0844,0.1,27.2089
2001,38,Inactive,42.2614,0.1,23.4841
2001,39,Inactive,40.6218,0.1,22.8654
2001,40,Inactive,40.0448,0.1,22.9949
2001,41,Inactive,41.3945,0.1,22.1695
2001,42,Inactive,40.2962,0.1,27.9645
2001,43,Inactive,39.9223,0.1,25.1254
2001,44,Inactive,39.1371,0.1,28.4379
2001,45,Inactive,41.4675,0.1,24.3433
2001,46,Inactive,40.6961,0.1,23.8946
2001,47,Inactive,39.6802,0.1,27.8006
2001,48,Inactive,39.2964,0.1,25.4439
2001,49,Inactive,39.9166,0.1,21.9714
2001,50,Inactive,39.6,0.1,25
2001,51,Inactive,39.6,0.1,25.2
2001,52,Inactive,39.6,0.1,25.4
2001,53,Inactive,39.6,0.1,25.6
2001,54,Inactive,39.6,0.1,25.8
2001,55,Inactive,39.6,0.1,26
2001,56,Inactive,39.6,0.1,26.2
2001,57,Inactive,39.6,0.1,26.4
2001,58,Inactive,39.6,0.1,26.6
2001,59,Inactive,39.6,0.1,26.8
2001,60,Inactive,39.8,0.1,24
2001,61,Inactive,39.8,0.1,24.2
2001,62,Inactive,39.8,0.1,24.4
2001,63,Inactive,39.8,0.1,24.6
2001,64,Inactive,39.8,0.1,24.8
2001,65,Inactive,39.8,0.1,25
2001,66,Inactive,39.8,0.1,25.2
2001,67,Inactive,39.8,0.1,25.4
2001,68,Inactive,39.8,0.1,25.6
2001,69,Inactive,39.8,0.1,25.8
2001,70,Inactive,39.8,0.1,26
2001,71,Inactive,39.8,0.1,26.2
2001,72,Inactive,39.8,0.1,26.4
2001,73,Inactive,39.8,0.1,26.6
2001,74,Inactive,39.8,0.1,26.8
2001,75,Inactive,40,0.1,24
2001,76,Inactive,40,0.1,24.2
2001,77,Inactive,40,0.1,24.4
2001,78,Inactive,40,0.1,24.6
2001,79,Inactive,40,0.1,24.8
2001,80,Inactive,40,0.1,25
2001,81,Inactive,40,0.1,25.2
2001,82,Inactive,40,0.1,25.4
2001,83,Inactive,40,0.1,25.6
2001,84,Inactive,40,0.1,25.8
2001,85,Inactive,40,0.1,26
2001,86,Inactive,40,0.1,26.2
2001,87,Inactive,40,0.1,26.4
2001,88,Inactive,40,0.1,26.6
2001,89,Inactive,40,0.1,26.8
2001,90,Inactive,40.2,0.1,24
2001,91,Inactive,40.2,0.1,24.2
2001,92,Inactive,40.2,0.1,24.4
2001,93,Inactive,40.2,0.1,24.6
2001,94,Inactive,40.2,0.1,24.8
2001,95,Inactive,40.2,0.1,25
2001,96,Inactive,40.2,0.1,25.2
2001,97,Inactive,40.2,0.1,25.4
2001,98,Inactive,40.2,0.1,25.6
2001,99,Inactive,40.2,0.1,25.8
2001,100,Inactive,40.2,0.1,26
2001,101,Inactive,40.2,0.1,26.2
2001,102,Inactive,40.2,0.1,26.4
2001,103,Inactive,40.2,0.1,26.6
2001,104,Inactive,40.2,0.1,26.8
2001,105,Inactive,40.4,0.1,24
2001,106,Inactive,40.4,0.1,24.2
2001,107,Inactive,40.4,0.1,24.4
2001,108,Inactive,40.4,0.1,24.6
2001,109,Inactive,40.4,0.1,24.8
2001,110,Inactive,40.4,0.1,25
2001,111,Inactive,40.4,0.1,25.2
2001,112,Inactive,40.4,0.1,25.4
2001,113,Inactive,40.4,0.1,25.6
2001,114,Inactive,40.4,0.1,25.8
2001,115,Inactive,40.4,0.1,26
2001,116,Inactive,40.4,0.1,26.2
2001,117,Inactive,40.4,0.1,26.4
2001,118,Inactive,40.4,0.1,26.6
2001,119,Inactive,40.4,0.1,26.8
2001,120,Inactive,40.6,0.1,24
2001,121,Inactive,40.6,0.1,24.2
2001,122,Inactive,40.6,0.1,24.4
2001,123,Inactive,40.6,0.1,24.6
2001,124,Inactive,40.6,0.1,24.8
2001,125,Inactive,40.6,0.1,25
2001,126,Inactive,40.6,0.1,25.2
2001,127,Inactive,40.6,0.1,25.4
2001,128,Inactive,40.6,0.1,25.6
2001,129,Inactive,40.6,0.1,25.8
2001,130,Inactive,40.6,0.1,26
2001,131,Inactive,40.6,0.1,26.2
2001,132,Inactive,40.6,0.1,26.4
2001,133,Inactive,40.6,0.1,26.6
2001,134,Inactive,40.6,0.1,26.8
2001,135,Inactive,40.8,0.1,24
2001,136,Inactive,40.8,0.1,24.2
2001,137,Inactive,40.8,0.1,24.4
2001,138,Inactive,40.8,0.1,24.6
2001,139,Inactive,40.8,0.1,24.8
2001,140,Inactive,40.8,0.1,25
2001,141,Inactive,40.8,0.1,25.2
2001,142,Inactive,40.8,0.1,25.4
2001,143,Inactive,40.8,0.1,25.6
2001,144,Inactive,40.8,0.1,25.8
2001,145,Inactive,40.8,0.1,26
2001,146,Inactive,40.8,0.1,26.2
2001,147,Inactive,40.8,0.1,26.4
2001,148,Inactive,40.8,0.1,26.6
2001,149,Inactive,40.8,0.1,26.8
2001,150,Inactive,41,0.1,24
2001,151,Inactive,41,0.1,24.2
2001,152,Inactive,41,0.1,24.4
2001,153,Inactive,41,0.1,24.6
2001,154,Inactive,41,0.1,24.8
2001,155,Inactive,41,0.1,25
2001,156,Inactive,41,0.1,25.2
2001,157,Inactive,41,0.1,25.4
2001,158,Inactive,41,0.1,25.6
2001,159,Inactive,41,0.1,25.8
2001,160,Inactive,41,0.1,26
2001,161,Inactive,41,0.1,26.2
2001,162,Inactive,41,0.1,26.4
2001,163,Inactive,41,0.1,26.6
2001,164,Inactive,41,0.1,26.8
2001,165,Inactive,41.2,0.1,24
2001,166,Inactive,41.2,0.1,24.2
2001,167,Inactive,41.2,0.1,24.4
2001,168,Inactive,41.2,0.1,24.6
2001,169,Inactive,41.2,0.1,24.8
2001,170,Inactive,41.2,0.1,25
2001,171,Inactive,41.2,0.1,25.2
2001,172,Inactive,41.2,0.1,25.4
2001,173,Inactive,41.2,0.1,25.6
2001,174,Inactive,41.2,0.1,25.8
2001,175,Inactive,41.2,0.1,26
2001,176,Inactive,41.2,0.1,26.2
2001,177,Inactive,41.2,0.1,26.4
2001,178,Inactive,41.2,0.1,26.6
2001,179,Inactive,41.2,0.1,26.8
2001,180,Inactive,41.4,0.1,24
2001,181,Inactive,41.4,0.1,24.2
2001,182,Inactive,41.4,0.1,24.4
2001,183,Inactive,41.4,0.1,24.6
2001,184,Inactive,41.4,0.1,24.8
2001,185,Inactive,41.4,0.1,25
2001,186,Inactive,41.4,0.1,25.2
2001,187,Inactive,41.4,0.1,25.4
2001,188,Inactive,41.4,0.1,25.6
2001,189,Inactive,41.4,0.1,25.8
2001,190,Inactive,41.4,0.1,26
2001,191,Inactive,41.4,0.1,26.2
2001,192,Inactive,41.4,0.1,26.4
2001,193,Inactive,41.4,0.1,26.6
2001,194,Inactive,41.4,0.1,26.8
2001,195,Inactive,41.6,0.1,24
2001,196,Inactive,41.6,0.1,24.2
2001,197,Inactive,41.6,0.1,24.4
2001,198,Inactive,41.6,0.1,24.6
2001,199,Inactive,41.6,0.1,24.8
2501,0,Scouting,12.9,0.1,17.3177
2501,1,Scouting,36.1201,0.1,31.8296
2501,2,Scouting,42.7494,0.1,38.2432
2501,3,Scouting,35.1744,0.1,24.71
2501,4,Scouting,36.4769,0.1,23.4223
2501,5,Scouting,15.4033,0.1,13.3245
2501,6,Scouting,36.7905,0.1,23.7796
2501,7,Scouting,26.0198,0.1,2.0076
2501,8,Scouting,41.1165,0.1,25.1055
2501,9,Scouting,32.8271,0.1,10.3223
2501,10,Scouting,23.8808,0.1,21.8948
2501,11,Scouting,37.8449,0.1,24.7111
2501,12,Scouting,37.945,0.1,23.9186
2501,13,Scouting,13.4369,0.1,12.3482
2501,14,Scouting,29.0866,0.1,27.8114
2501,15,Scouting,43.1141,0.1,19.1709
2501,16,Scouting,37.7958,0.1,27.9921
2501,17,Scouting,34.3663,0.1,16.6474
2501,18,Scouting,28.3664,0.1,8.3736
2501,19,Scouting,23.3228,0.1,11.9559
2501,20,Scouting,31.5796,0.1,19.9046
2501,21,Scouting,48.4891,0.1,13.4208
2501,22,Scouting,31.6188,0.1,18.7871
2501,23,Scouting,42.0552,0.1,27.5874
2501,24,Scouting,17.6012,0.1,0.3351
2501,25,Scouting,40.5258,0.1,6.7383
2501,26,Scouting,41.6363,0.1,3.3504
2501,27,Scouting,41.9247,0.1,26.3689
2501,28,Scouting,39.5712,0.1,22.9451
2501,29,Scouting,39.918,0.1,24.4848
2501,30,Inactive,42.1824,0.1,25.0926
2501,31,Inactive,37.7171,0.1,23.1598
2501,32,Inactive,42.2279,0.1,26.6348
2501,33,Inactive,40.0108,0.1,27.0478
2501,34,Inactive,40.6949,0.1,26.246
2501,35,Inactive,38.3723,0.1,27.0086
2501,36,Inactive,37.5849,0.1,25.0451
2501,37,Inactive,39.7764,0.1,26.7742
2501,38,Inactive,41.436,0.1,22.1653
2501,39,Inactive,42.1798,0.1,23.6285
2501,40,Inactive,39.466,0.1,21.678
2501,41,Inactive,40.1892,0.1,22.4982
2501,42,Inactive,41.3089,0.1,27.076
2501,43,Inactive,38.3371,0.1,26.0977
2501,44,Inactive,37.8098,0.1,27.2092
2501,45,Inactive,40.2724,0.1,25.1149
2501,46,Inactive,41.5898,0.1,23.5978
2501,47,Inactive,38.4161,0.1,28.3304
2501,48,Inactive,40.6271,0.1,25.7425
2501,49,Inactive,38.7106,0.1,23.4644
2501,50,Inactive,39.6,0.1,25
2501,51,Inactive,39.6,0.1,25.2
2501,52,Inactive,39.6,0.1,25.4
2501,53,Inactive,39.6,0.1,25.6
2501,54,Inactive,39.6,0.1,25.8
2501,55,Inactive,39.6,0.1,26
2501,56,Inactive,39.6,0.1,26.2
2501,57,Inactive,39.6,0.1,26.4
2501,58,Inactive,39.6,0.1,26.6
2501,59,Inactive,39.6,0.1,26.8
2501,60,Inactive,39.8,0.1,24
2501,61,Inactive,39.8,0.1,24.2
2501,62,Inactive,39.8,0.1,24.4
2501,63,Inactive,39.8,0.1,24.6
2501,64,Inactive,39.8,0.1,24.8
2501,65,Inactive,39.8,0.1,25
2501,66,Inactive,39.8,0.1,25.2
2501,67,Inactive,39.8,0.1,25.4
2501,68,Inactive,39.8,0.1,25.6
2501,69,Inactive,39.8,0.1,25.8
2501,70,Inactive,39.8,0.1,26
2501,71,Inactive,39.8,0.1,26.2
2501,72,Inactive,39.8,0.1,26.4
2501,73,Inactive,39.8,0.1,26.6
2501,74,Inactive,39.8,0.1,26.8
2501,75,Inactive,40,0.1,24
2501,76,Inactive,40,0.1,24.2
2501,77,Inactive,40,0.1,24.4
2501,78,Inactive,40,0.1,24.6
2501,79,Inactive,40,0.1,24.8
2501,80,Inactive,40,0.1,25
2501,81,Inactive,40,0.1,25.2
2501,82,Inactive,40,0.1,25.4
2501,83,Inactive,40,0.1,25.6
2501,84,Inactive,40,0.1,25.8
2501,85,Inactive,40,0.1,26
2501,86,Inactive,40,0.1,26.2
2501,87,Inactive,40,0.1,26.4
2501,88,Inactive,40,0.1,26.6
2501,89,Inactive,40,0.1,26.8
2501,90,Inactive,40.2,0.1,24
2501,91,Inactive,40.2,0.1,24.2
2501,92,Inactive,40.2,0.1,24.4
2501,93,Inactive,40.2,0.1,24.6
2501,94,Inactive,40.2,0.1,24.8
2501,95,Inactive,40.2,0.1,25
2501,96,Inactive,40.2,0.1,25.2
2501,97,Inactive,40.2,0.1,25.4
2501,98,Inactive,40.2,0.1,25.6
2501,99,Inactive,40.2,0.1,25.8
2501,100,Inactive,40.2,0.1,26
2501,101,Inactive,40.2,0.1,26.2
2501,102,Inactive,40.2,0.1,26.4
2501,103,Inactive,40.2,0.1,26.6
2501,104,Inactive,40.2,0.1,26.8
2501,105,Inactive,40.4,0.1,24
2501,106,Inactive,40.4,0.1,24.2
2501,107,Inactive,40.4,0.1,24.4
2501,108,Inactive,40.4,0.1,24.6
2501,109,Inactive,40.4,0.1,24.8
2501,110,Inactive,40.4,0.1,25
2501,111,Inactive,40.4,0.1,25.2
2501,112,Inactive,40.4,0.1,25.4
2501,113,Inactive,40.4,0.1,25.6
2501,114,Inactive,40.4,0.1,25.8
2501,115,Inactive,40.4,0.1,26
2501,116,Inactive,40.4,0.1,26.2
2501,117,Inactive,40.4,0.1,26.4
2501,118,Inactive,40.4,0.1,26.6
2501,119,Inactive,40.4,0.1,26.8
2501,120,Inactive,40.6,0.1,24
2501,121,Inactive,40.6,0.1,24.2
2501,122,Inactive,40.6,0.1,24.4
2501,123,Inactive,40.6,0.1,24.6
2501,124,Inactive,40.6,0.1,24.8
2501,125,Inactive,40.6,0.1,25
2501,126,Inactive,40.6,0.1,25.2
2501,127,Inactive,40.6,0.1,25.4
2501,128,Inactive,40.6,0.1,25.6
2501,129,Inactive,40.6,0.1,25.8
2501,130,Inactive,40.6,0.1,26
2501,131,Inactive,40.6,0.1,26.2
2501,132,Inactive,40.6,0.1,26.4
2501,133,Inactive,40.6,0.1,26.6
2501,134,Inactive,40.6,0.1,26.8
2501,135,Inactive,40.8,0.1,24
2501,136,Inactive,40.8,0.1,24.2
2501,137,Inactive,40.8,0.1,24.4
2501,138,Inactive,40.8,0.1,24.6
2501,139,Inactive,40.8,0.1,24.8
2501,140,Inactive,40.8,0.1,25
2501,141,Inactive,40.8,0.1,25.2
2501,142,Inactive,40.8,0.1,25.4
2501,143,Inactive,40.8,0.1,25.6
2501,144,Inactive,40.8,0.1,25.8
2501,145,Inactive,40.8,0.1,26
2501,146,Inactive,40.8,0.1,26.2
2501,147,Inactive,40.8,0.1,26.4
2501,148,Inactive,40.8,0.1,26.6
2501,149,Inactive,40.8,0.1,26.8
2501,150,Inactive,41,0.1,24
2501,151,Inactive,41,0.1,24.2
2501,152,Inactive,41,0.1,24.4
2501,153,Inactive,41,0.1,24.6
2501,154,Inactive,41,0.1,24.8
2501,155,Inactive,41,0.1,25
2501,156,Inactive,41,0.1,25.2
2501,157,Inactive,41,0.1,25.4
2501,158,Inactive,41,0.1,25.6
2501,159,Inactive,41,0.1,25.8
2501,160,Inactive,41,0.1,26
2501,161,Inactive,41,0.1,26.2
2501,162,Inactive,41,0.1,26.4
2501,163,Inactive,41,0.1,26.6
2501,164,Inactive,41,0.1,26.8
2501,165,Inactive,41.2,0.1,24
2501,166,Inactive,41.2,0.1,24.2
2501,167,Inactive,41.2,0.1,24.4
2501,168,Inactive,41.2,0.1,24.6
2501,169,Inactive,41.2,0.1,24.8
2501,170,Inactive,41.2,0.1,25
2501,171,Inactive,41.2,0.1,25.2
2501,172,Inactive,41.2,0.1,25.4
2501,173,Inactive,41.2,0.1,25.6
2501,174,Inactive,41.2,0.1,25.8
2501,175,Inactive,41.2,0.1,26
2501,176,Inactive,41.2,0.1,26.2
2501,177,Inactive,41.2,0.1,26.4
2501,178,Inactive,41.2,0.1,26.6
2501,179,Inactive,41.2,0.1,26.8
2501,180,Inactive,41.4,0.1,24
2501,181,Inactive,41.4,0.1,24.2
2501,182,Inactive,41.4,0.1,24.4
2501,183,Inactive,41.4,0.1,24.6
2501,184,Inactive,41.4,0.1,24.8
2501,185,Inactive,41.4,0.1,25
2501,186,Inactive,41.4,0.1,25.2
2501,187,Inactive,41.4,0.1,25.4
2501,188,Inactive,41.4,0.1,25.6
2501,189,Inactive,41.4,0.1,25.8
2501,190,Inactive,41.4,0.1,26
2501,191,Inactive,41.4,0.1,26.2
2501,192,Inactive,41.4,0.1,26.4
2501,193,Inactive,41.4,0.1,26.6
2501,194,Inactive,41.4,0.1,26.8
2501,195,Inactive,41.6,0.1,24
2501,196,Inactive,41.6,0.1,24.2
2501,197,Inactive,41.6,0.1,24.4
2501,198,Inactive,41.6,0.1,24.6
2501,199,Inactive,41.6,0.1,24.8
3001,0,Assessing,12.2115,0.1,10.0395
3001,1,Scouting,44.0715,0.1,32.0897
3001,2,Scouting,47.3586,0.1,41.3054
3001,3,Scouting,36.2973,0.1,21.2226
3001,4,Scouting,37.9955,0.1,15.4874
3001,5,Scouting,18.7698,0.1,6.9363
3001,6,Scouting,36.4893,0.1,16.0375
3001,7,Scouting,22.1403,0.1,0.4383
3001,8,Scouting,37.8172,0.1,28.1136
3001,9,Scouting,40.0712,0.1,9.9805
3001,10,Scouting,25.8716,0.1,15.126
3001,11,Scouting,41.7902,0.1,22.2642
3001,12,Scouting,40.3141,0.1,26.5072
3001,13,Scouting,17.123,0.1,14.1663
3001,14,Scouting,29.6649,0.1,35.2681
3001,15,Scouting,44.446,0.1,24.3764
3001,16,Scouting,42.2308,0.1,22.6748
3001,17,Scouting,41.7382,0.1,14.6257
3001,18,Scouting,25.0729,0.1,3.5898
3001,19,Scouting,30.9365,0.1,13.4348
3001,20,Scouting,32.7447,0.1,17.6079
3001,21,Scouting,49.0227,0.1,20.9154
3001,22,Scouting,37.2182,0.1,21.4713
3001,23,Scouting,41.6877,0.1,24.9486
3001,24,Scouting,10.6187,0.1,0.6246
3001,25,Scouting,38.0097,0.1,0.7674
3001,26,Scouting,47.4822,0.1,1.2272
3001,27,Scouting,37.8604,0.1,27.5775
3001,28,Scouting,33.4945,0.1,24.3246
3001,29,Scouting,40.4461,0.1,28.2437
3001,30,Inactive,41.2508,0.1,26.5575
3001,31,Inactive,38.0585,0.1,23.3549
3001,32,Inactive,42.1916,0.1,28.1411
3001,33,Inactive,40.5458,0.1,27.0191
3001,34,Inactive,39.5848,0.1,26.614
3001,35,Inactive,37.8771,0.1,26.8887
3001,36,Inactive,38.8863,0.1,25.4442
3001,37,Inactive,40.7812,0.1,26.3724
3001,38,Inactive,41.4584,0.1,22.1459
3001,39,Inactive,40.9718,0.1,24.9015
3001,40,Inactive,37.8074,0.1,21.8777
3001,41,Inactive,38.502,0.1,23.0516
3001,42,Inactive,42.0939,0.1,27.1574
3001,43,Inactive,38.1741,0.1,24.6132
3001,44,Inactive,39.4439,0.1,26.6153
3001,45,Inactive,39.0268,0.1,26.2927
3001,46,Inactive,41.448,0.1,22.8031
3001,47,Inactive,38.5464,0.1,27.4798
3001,48,Inactive,39.9277,0.1,26.4487
3001,49,Inactive,37.7946,0.1,25.1108
3001,50,Inactive,39.6,0.1,25
3001,51,Inactive,39.6,0.1,25.2
3001,52,Inactive,39.6,0.1,25.4
3001,53,Inactive,39.6,0.1,25.6
3001,54,Inactive,39.6,0.1,25.8
3001,55,Inactive,39.6,0.1,26
3001,56,Inactive,39.6,0.1,26.2
3001,57,Inactive,39.6,0.1,26.4
3001,58,Inactive,39.6,0.1,26.6
3001,59,Inactive,39.6,0.1,26.8
3001,60,Inactive,39.8,0.1,24
3001,61,Inactive,39.8,0.1,24.2
3001,62,Inactive,39.8,0.1,24.4
3001,63,Inactive,39.8,0.1,24.6
3001,64,Inactive,39.8,0.1,24.8
3001,65,Inactive,39.8,0.1,25
3001,66,Inactive,39.8,0.1,25.2
3001,67,Inactive,39.8,0.1,25.4
3001,68,Inactive,39.8,0.1,25.6
3001,69,Inactive,39.8,0.1,25.8
3001,70,Inactive,39.8,0.1,26
3001,71,Inactive,39.8,0.1,26.2
3001,72,Inactive,39.8,0.1,26.4
3001,73,Inactive,39.8,0.1,26.6
3001,74,Inactive,39.8,0.1,26.8
3001,75,Inactive,40,0.1,24
3001,76,Inactive,40,0.1,24.2
3001,77,Inactive,40,0.1,24.4
3001,78,Inactive,40,0.1,24.6
3001,79,Inactive,40,0.1,24.8
3001,80,Inactive,40,0.1,25
3001,81,Inactive,40,0.1,25.2
3001,82,Inactive,40,0.1,25.4
3001,83,Inactive,40,0.1,25.6
3001,84,Inactive,40,0.1,25.8
3001,85,Inactive,40,0.1,26
3001,86,Inactive,40,0.1,26.2
3001,87,Inactive,40,0.1,26.4
3001,88,Inactive,40,0.1,26.6
3001,89,Inactive,40,0.1,26.8
3001,90,Inactive,40.2,0.1,24
3001,91,Inactive,40.2,0.1,24.2
3001,92,Inactive,40.2,0.1,24.4
3001,93,Inactive,40.2,0.1,24.6
3001,94,Inactive,40.2,0.1,24.8
3001,95,Inactive,40.2,0.1,25
3001,96,Inactive,40.2,0.1,25.2
3001,97,Inactive,40.2,0.1,25.4
3001,98,Inactive,40.2,0.1,25.6
3001,99,Inactive,40.2,0.1,25.8
3001,100,Inactive,40.2,0.1,26
3001,101,Inactive,40.2,0.1,26.2
3001,102,Inactive,40.2,0.1,26.4
3001,103,Inactive,40.2,0.1,26.6
3001,104,Inactive,40.2,0.1,26.8
3001,105,Inactive,40.4,0.1,24
3001,106,Inactive,40.4,0.1,24.2
3001,107,Inactive,40.4,0.1,24.4
3001,108,Inactive,40.4,0.1,24.6
3001,109,Inactive,40.4,0.1,24.8
3001,110,Inactive,40.4,0.1,25
3001,111,Inactive,40.4,0.1,25.2
3001,112,Inactive,40.4,0.1,25.4
3001,113,Inactive,40.4,0.1,25.6
3001,114,Inactive,40.4,0.1,25.8
3001,115,Inactive,40.4,0.1,26
3001,116,Inactive,40.4,0.1,26.2
3001,117,Inactive,40.4,0.1,26.4
3001,118,Inactive,40.4,0.1,26.6
3001,119,Inactive,40.4,0.1,26.8
3001,120,Inactive,40.6,0.1,24
3001,121,Inactive,40.6,0.1,24.2
3001,122,Inactive,40.6,0.1,24.4
3001,123,Inactive,40.6,0.1,24.6
3001,124,Inactive,40.6,0.1,24.8
3001,125,Inactive,40.6,0.1,25
3001,126,Inactive,40.6,0.1,25.2
3001,127,Inactive,40.6,0.1,25.4
3001,128,Inactive,40.6,0.1,25.6
3001,129,Inactive,40.6,0.1,25.8
3001,130,Inactive,40.6,0.1,26
3001,131,Inactive,40.6,0.1,26.2
3001,132,Inactive,40.6,0.1,26.4
3001,133,Inactive,40.6,0.1,26.6
3001,134,Inactive,40.6,0.1,26.8
3001,135,Inactive,40.8,0.1,24
3001,136,Inactive,40.8,0.1,24.2
3001,137,Inactive,40.8,0.1,24.4
3001,138,Inactive,40.8,0.1,24.6
3001,139,Inactive,40.8,0.1,24.8
3001,140,Inactive,40.8,0.1,25
3001,141,Inactive,40.8,0.1,25.2
3001,142,Inactive,40.8,0.1,25.4
3001,143,Inactive,40.8,0.1,25.6
3001,144,Inactive,40.8,0.1,25.8
3001,145,Inactive,40.8,0.1,26
3001,146,Inactive,40.8,0.1,26.2
3001,147,Inactive,40.8,0.1,26.4
3001,148,Inactive,40.8,0.1,26.6
3001,149,Inactive,40.8,0.1,26.8
3001,150,Inactive,41,0.1,24
3001,151,Inactive,41,0.1,24.2
3001,152,Inactive,41,0.1,24.4
3001,153,Inactive,41,0.1,24.6
3001,154,Inactive,41,0.1,24.8
3001,155,Inactive,41,0.1,25
3001,156,Inactive,41,0.1,25.2
3001,157,Inactive,41,0.1,25.4
3001,158,Inactive,41,0.1,25.6
3001,159,Inactive,41,0.1,25.8
3001,160,Inactive,41,0.1,26
3001,161,Inactive,41,0.1,26.2
3001,162,Inactive,41,0.1,26.4
3001,163,Inactive,41,0.1,26.6
3001,164,Inactive,41,0.1,26.8
3001,165,Inactive,41.2,0.1,24
3001,166,Inactive,41.2,0.1,24.2
3001,167,Inactive,41.2,0.1,24.4
3001,168,Inactive,41.2,0.1,24.6
3001,169,Inactive,41.2,0.1,24.8
3001,170,Inactive,41.2,0.1,25
3001,171,Inactive,41.2,0.1,25.2
3001,172,Inactive,41.2,0.1,25.4
3001,173,Inactive,41.2,0.1,25.6
3001,174,Inactive,41.2,0.1,25.8
3001,175,Inactive,41.2,0.1,26
3001,176,Inactive,41.2,0.1,26.2
3001,177,Inactive,41.2,0.1,26.4
3001,178,Inactive,41.2,0.1,26.6
3001,179,Inactive,41.2,0.1,26.8
3001,180,Inactive,41.4,0.1,24
3001,181,Inactive,41.4,0.1,24.2
3001,182,Inactive,41.4,0.1,24.4
3001,183,Inactive,41.4,0.1,24.6
3001,184,Inactive,41.4,0.1,24.8
3001,185,Inactive,41.4,0.1,25
3001,186,Inactive,41.4,0.1,25.2
3001,187,Inactive,41.4,0.1,25.4
3001,188,Inactive,41.4,0.1,25.6
3001,189,Inactive,41.4,0.1,25.8
3001,190,Inactive,41.4,0.1,26
3001,191,Inactive,41.4,0.1,26.2
3001,192,Inactive,41.4,0.1,26.4
3001,193,Inactive,41.4,0.1,26.6
3001,194,Inactive,41.4,0.1,26.8
3001,195,Inactive,41.6,0.1,24
3001,196,Inactive,41.6,0.1,24.2
3001,197,Inactive,41.6,0.1,24.4
3001,198,Inactive,41.6,0.1,24.6
3001,199,Inactive,41.6,0.1,24.8
3501,0,Assessing,10.4614,0.1,8.1964
3501,1,Scouting,49.3082,0.1,37.1033
3501,2,Scouting,46.1994,0.1,37.0999
3501,3,Scouting,40.8465,0.1,18.0558
3501,4,Scouting,43.014,0.1,9.9254
3501,5,Scouting,21.232,0.1,1.4284
3501,6,Scouting,29.8402,0.1,11.4463
3501,7,Scouting,13.995,0.1,0.4127
3501,8,Scouting,34.6165,0.1,20.9136
3501,9,Scouting,45.8199,0.1,14.5957
3501,10,Scouting,27.6427,0.1,7.2664
3501,11,Scouting,37.3844,0.1,25.0293
3501,12,Scouting,42.2917,0.1,25.0232
3501,13,Scouting,18.6489,0.1,22.1938
3501,14,Scouting,28.0783,0.1,41.7142
3501,15,Scouting,46.5217,0.1,18.2589
3501,16,Scouting,37.7104,0.1,22.7446
3501,17,Scouting,45.5225,0.1,18.5157
3501,18,Scouting,17.4015,0.1,4.2124
3501,19,Scouting,36.3743,0.1,18.8308
3501,20,Scouting,26.5321,0.1,21.7723
3501,21,Scouting,49.6678,0.1,29.0245
3501,22,Scouting,39.7447,0.1,14.2677
3501,23,Scouting,39.2321,0.1,21.6902
3501,24,Scouting,2.8463,0.1,1.0768
3501,25,Scouting,30.7492,0.1,0.3399
3501,26,Scouting,49.3235,0.1,0.8136
3501,27,Scouting,40.3958,0.1,22.4717
3501,28,Scouting,36.6694,0.1,20.6152
3501,29,Scouting,41.1982,0.1,28.333
3501,30,Inactive,40.9332,0.1,26.7111
3501,31,Inactive,38.1746,0.1,24.5902
3501,32,Inactive,41.5734,0.1,26.4514
3501,33,Inactive,41.81,0.1,26.5092
3501,34,Inactive,40.3721,0.1,24.9808
3501,35,Inactive,37.7889,0.1,28.3555
3501,36,Inactive,40.5037,0.1,24.5216
3501,37,Inactive,42.0641,0.1,27.3684
3501,38,Inactive,41.9707,0.1,23.6515
3501,39,Inactive,39.477,0.1,24.0443
3501,40,Inactive,38.2715,0.1,21.6446
3501,41,Inactive,38.3308,0.1,23.6462
3501,42,Inactive,42.1413,0.1,25.3951
3501,43,Inactive,38.4738,0.1,22.9839
3501,44,Inactive,39.2164,0.1,28.3538
3501,45,Inactive,38.26,0.1,27.9341
3501,46,Inactive,40.5093,0.1,21.7564
3501,47,Inactive,40.3279,0.1,27.8164
3501,48,Inactive,40.4282,0.1,26.504
3501,49,Inactive,37.8822,0.1,26.9893
3501,50,Inactive,39.6,0.1,25
3501,51,Inactive,39.6,0.1,25.2
3501,52,Inactive,39.6,0.1,25.4
3501,53,Inactive,39.6,0.1,25.6
3501,54,Inactive,39.6,0.1,25.8
3501,55,Inactive,39.6,0.1,26
3501,56,Inactive,39.6,0.1,26.2
3501,57,Inactive,39.6,0.1,26.4
3501,58,Inactive,39.6,0.1,26.6
3501,59,Inactive,39.6,0.1,26.8
3501,60,Inactive,39.8,0.1,24
3501,61,Inactive,39.8,0.1,24.2
3501,62,Inactive,39.8,0.1,24.4
3501,63,Inactive,39.8,0.1,24.6
3501,64,Inactive,39.8,0.1,24.8
3501,65,Inactive,39.8,0.1,25
3501,66,Inactive,39.8,0.1,25.2
3501,67,Inactive,39.8,0.1,25.4
3501,68,Inactive,39.8,0.1,25.6
3501,69,Inactive,39.8,0.1,25.8
3501,70,Inactive,39.8,0.1,26
3501,71,Inactive,39.8,0.1,26.2
3501,72,Inactive,39.8,0.1,26.4
3501,73,Inactive,39.8,0.1,26.6
3501,74,Inactive,39.8,0.1,26.8
3501,75,Inactive,40,0.1,24
3501,76,Inactive,40,0.1,24.2
3501,77,Inactive,40,0.1,24.4
3501,78,Inactive,40,0.1,24.6
3501,79,Inactive,40,0.1,24.8
3501,80,Inactive,40,0.1,25
3501,81,Inactive,40,0.1,25.2
3501,82,Inactive,40,0.1,25.4
3501,83,Inactive,40,0.1,25.6
3501,84,Inactive,40,0.1,25.8
3501,85,Inactive,40,0.1,26
3501,86,Inactive,40,0.1,26.2
3501,87,Inactive,40,0.1,26.4
3501,88,Inactive,40,0.1,26.6
3501,89,Inactive,40,0.1,26.8
3501,90,Inactive,40.2,0.1,24
3501,91,Inactive,40.2,0.1,24.2
3501,92,Inactive,40.2,0.1,24.4
3501,93,Inactive,40.2,0.1,24.6
3501,94,Inactive,40.2,0.1,24.8
3501,95,Inactive,40.2,0.1,25
3501,96,Inactive,40.2,0.1,25.2
3501,97,Inactive,40.2,0.1,25.4
3501,98,Inactive,40.2,0.1,25.6
3501,99,Inactive,40.2,0.1,25.8
3501,100,Inactive,40.2,0.1,26
3501,101,Inactive,40.2,0.1,26.2
3501,102,Inactive,40.2,0.1,26.4
3501,103,Inactive,40.2,0.1,26.6
3501,104,Inactive,40.2,0.1,26.8
3501,105,Inactive,40.4,0.1,24
3501,106,Inactive,40.4,0.1,24.2
3501,107,Inactive,40.4,0.1,24.4
3501,108,Inactive,40.4,0.1,24.6
3501,109,Inactive,40.4,0.1,24.8
3501,110,Inactive,40.4,0.1,25
3501,111,Inactive,40.4,0.1,25.2
3501,112,Inactive,40.4,0.1,25.4
3501,113,Inactive,40.4,0.1,25.6
3501,114,Inactive,40.4,0.1,25.8
3501,115,Inactive,40.4,0.1,26
3501,116,Inactive,40.4,0.1,26.2
3501,117,Inactive,40.4,0.1,26.4
3501,118,Inactive,40.4,0.1,26.6
3501,119,Inactive,40.4,0.1,26.8
3501,120,Inactive,40.6,0.1,24
3501,121,Inactive,40.6,0.1,24.2
3501,122,Inactive,40.6,0.1,24.4
3501,123,Inactive,40.6,0.1,24.6
3501,124,Inactive,40.6,0.1,24.8
3501,125,Inactive,40.6,0.1,25
3501,126,Inactive,40.6,0.1,25.2
3501,127,Inactive,40.6,0.1,25.4
3501,128,Inactive,40.6,0.1,25.6
3501,129,Inactive,40.6,0.1,25.8
3501,130,Inactive,40.6,0.1,26
3501,131,Inactive,40.6,0.1,26.2
3501,132,Inactive,40.6,0.1,26.4
3501,133,Inactive,40.6,0.1,26.6
3501,134,Inactive,40.6,0.1,26.8
3501,135,Inactive,40.8,0.1,24
3501,136,Inactive,40.8,0.1,24.2
3501,137,Inactive,40.8,0.1,24.4
3501,138,Inactive,40.8,0.1,24.6
3501,139,Inactive,40.8,0.1,24.8
3501,140,Inactive,40.8,0.1,25
3501,141,Inactive,40.8,0.1,25.2
3501,142,Inactive,40.8,0.1,25.4
3501,143,Inactive,40.8,0.1,25.6
3501,144,Inactive,40.8,0.1,25.8
3501,145,Inactive,40.8,0.1,26
3501,146,Inactive,40.8,0.1,26.2
3501,147,Inactive,40.8,0.1,26.4
3501,148,Inactive,40.8,0.1,26.6
3501,149,Inactive,40.8,0.1,26.8
3501,150,Inactive,41,0.1,24
3501,151,Inactive,41,0.1,24.2
3501,152,Inactive,41,0.1,24.4
3501,153,Inactive,41,0.1,24.6
3501,154,Inactive,41,0.1,24.8
3501,155,Inactive,41,0.1,25
3501,156,Inactive,41,0.1,25.2
3501,157,Inactive,41,0.1,25.4
3501,158,Inactive,41,0.1,25.6
3501,159,Inactive,41,0.1,25.8
3501,160,Inactive,41,0.1,26
3501,161,Inactive,41,0.1,26.2
3501,162,Inactive,41,0.1,26.4
3501,163,Inactive,41,0.1,26.6
3501,164,Inactive,41,0.1,26.8
3501,165,Inactive,41.2,0.1,24
3501,166,Inactive,41.2,0.1,24.2
3501,167,Inactive,41.2,0.1,24.4
3501,168,Inactive,41.2,0.1,24.6
3501,169,Inactive,41.2,0.1,24.8
3501,170,Inactive,41.2,0.1,25
3501,171,Inactive,41.2,0.1,25.2
3501,172,Inactive,41.2,0.1,25.4
3501,173,Inactive,41.2,0.1,25.6
3501,174,Inactive,41.2,0.1,25.8
3501,175,Inactive,41.2,0.1,26
3501,176,Inactive,41.2,0.1,26.2
3501,177,Inactive,41.2,0.1,26.4
3501,178,Inactive,41.2,0.1,26.6
3501,179,Inactive,41.2,0.1,26.8
3501,180,Inactive,41.4,0.1,24
3501,181,Inactive,41.4,0.1,24.2
3501,182,Inactive,41.4,0.1,24.4
3501,183,Inactive,41.4,0.1,24.6
3501,184,Inactive,41.4,0.1,24.8
3501,185,Inactive,41.4,0.1,25
3501,186,Inactive,41.4,0.1,25.2
3501,187,Inactive,41.4,0.1,25.4
3501,188,Inactive,41.4,0.1,25.6
3501,189,Inactive,41.4,0.1,25.8
3501,190,Inactive,41.4,0.1,26
3501,191,Inactive,41.4,0.1,26.2
3501,192,Inactive,41.4,0.1,26.4
3501,193,Inactive,41.4,0.1,26.6
3501,194,Inactive,41.4,0.1,26.8
3501,195,Inactive,41.6,0.1,24
3501,196,Inactive,41.6,0.1,24.2
3501,197,Inactive,41.6,0.1,24.4
3501,198,Inactive,41.6,0.1,24.6
3501,199,Inactive,41.6,0.1,24.8
4001,0,Assessing,7.845,0.1,8.2621
4001,1,Scouting,48.809,0.1,44.7151
4001,2,Scouting,39.5149,0.1,35.2113
4001,3,Scouting,48.305,0.1,20.7262
4001,4,Scouting,43.537,0.1,3.2341
4001,5,Scouting,14.2874,0.1,2.5522
4001,6,Scouting,22.5311,0.1,10.4661
4001,7,Scouting,6.3833,0.1,2.0165
4001,8,Scouting,29.4796,0.1,15.0846
4001,9,Scouting,47.3611,0.1,10.917
4001,10,Scouting,29.9684,0.1,0.4456
4001,11,Scouting,33.8035,0.1,19.1643
4001,12,Scouting,37.7956,0.1,21.7128
4001,13,Scouting,15.7257,0.1,29.4094
4001,14,Scouting,33.3169,0.1,39.8457
4001,15,Scouting,46.7108,0.1,23.8538
4001,16,Scouting,32.7348,0.1,24.5095
4001,17,Scouting,42.7988,0.1,25.7283
4001,18,Scouting,11.1433,0.1,2.3142
4001,19,Scouting,42.8909,0.1,18.6855
4001,20,Scouting,18.8837,0.1,21.6381
4001,21,Scouting,49.012,0.1,36.6581
4001,22,Scouting,45.4614,0.1,10.9041
4001,23,Scouting,39.5892,0.1,25.4546
4001,24,Scouting,5.1571,0.1,1.3337
4001,25,Scouting,28.5555,0.1,5.6879
4001,26,Scouting,42.5512,0.1,3.1499
4001,27,Scouting,40.9305,0.1,28.328
4001,28,Scouting,37.3099,0.1,19.1423
4001,29,Scouting,35.8734,0.1,24.2048
4001,30,Inactive,42.1193,0.1,26.4426
4001,31,Inactive,40.0933,0.1,24.448
4001,32,Inactive,39.9024,0.1,25.8117
4001,33,Inactive,41.4059,0.1,25.4713
4001,34,Inactive,39.4566,0.1,24.0467
4001,35,Inactive,37.7781,0.1,26.5853
4001,36,Inactive,41.9709,0.1,24.3548
4001,37,Inactive,41.4589,0.1,25.804
4001,38,Inactive,40.6435,0.1,25.1153
4001,39,Inactive,39.6065,0.1,23.7219
4001,40,Inactive,38.1377,0.1,21.6165
4001,41,Inactive,38.6864,0.1,22.4703
4001,42,Inactive,42.1168,0.1,26.8794
4001,43,Inactive,37.9438,0.1,21.6798
4001,44,Inactive,38.9922,0.1,28.4435
4001,45,Inactive,38.1852,0.1,26.313
4001,46,Inactive,41.1787,0.1,22.1214
4001,47,Inactive,42.0596,0.1,27.0634
4001,48,Inactive,40.4432,0.1,28.2298
4001,49,Inactive,39.1392,0.1,28.3379
4001,50,Inactive,39.6,0.1,25
4001,51,Inactive,39.6,0.1,25.2
4001,52,Inactive,39.6,0.1,25.4
4001,53,Inactive,39.6,0.1,25.6
4001,54,Inactive,39.6,0.1,25.8
4001,55,Inactive,39.6,0.1,26
4001,56,Inactive,39.6,0.1,26.2
4001,57,Inactive,39.6,0.1,26.4
4001,58,Inactive,39.6,0.1,26.6
4001,59,Inactive,39.6,0.1,26.8
4001,60,Inactive,39.8,0.1,24
4001,61,Inactive,39.8,0.1,24.2
4001,62,Inactive,39.8,0.1,24.4
4001,63,Inactive,39.8,0.1,24.6
4001,64,Inactive,39.8,0.1,24.8
4001,65,Inactive,39.8,0.1,25
4001,66,Inactive,39.8,0.1,25.2
4001,67,Inactive,39.8,0.1,25.4
4001,68,Inactive,39.8,0.1,25.6
4001,69,Inactive,39.8,0.1,25.8
4001,70,Inactive,39.8,0.1,26
4001,71,Inactive,39.8,0.1,26.2
4001,72,Inactive,39.8,0.1,26.4
4001,73,Inactive,39.8,0.1,26.6
4001,74,Inactive,39.8,0.1,26.8
4001,75,Inactive,40,0.1,24
4001,76,Inactive,40,0.1,24.2
4001,77,Inactive,40,0.1,24.4
4001,78,Inactive,40,0.1,24.6
4001,79,Inactive,40,0.1,24.8
4001,80,Inactive,40,0.1,25
4001,81,Inactive,40,0.1,25.2
4001,82,Inactive,40,0.1,25.4
4001,83,Inactive,40,0.1,25.6
4001,84,Inactive,40,0.1,25.8
4001,85,Inactive,40,0.1,26
4001,86,Inactive,40,0.1,26.2
4001,87,Inactive,40,0.1,26.4
4001,88,Inactive,40,0.1,26.6
4001,89,Inactive,40,0.1,26.8
4001,90,Inactive,40.2,0.1,24
4001,91,Inactive,40.2,0.1,24.2
4001,92,Inactive,40.2,0.1,24.4
4001,93,Inactive,40.2,0.1,24.6
4001,94,Inactive,40.2,0.1,24.8
4001,95,Inactive,40.2,0.1,25
4001,96,Inactive,40.2,0.1,25.2
4001,97,Inactive,40.2,0.1,25.4
4001,98,Inactive,40.2,0.1,25.6
4001,99,Inactive,40.2,0.1,25.8
4001,100,Inactive,40.2,0.1,26
4001,101,Inactive,40.2,0.1,26.2
4001,102,Inactive,40.2,0.1,26.4
4001,103,Inactive,40.2,0.1,26.6
4001,104,Inactive,40.2,0.1,26.8
4001,105,Inactive,40.4,0.1,24
4001,106,Inactive,40.4,0.1,24.2
4001,107,Inactive,40.4,0.1,24.4
4001,108,Inactive,40.4,0.1,24.6
4001,109,Inactive,40.4,0.1,24.8
4001,110,Inactive,40.4,0.1,25
4001,111,Inactive,40.4,0.1,25.2
4001,112,Inactive,40.4,0.1,25.4
4001,113,Inactive,40.4,0.1,25.6
4001,114,Inactive,40.4,0.1,25.8
4001,115,Inactive,40.4,0.1,26
4001,116,Inactive,40.4,0.1,26.2
4001,117,Inactive,40.4,0.1,26.4
4001,118,Inactive,40.4,0.1,26.6
4001,119,Inactive,40.4,0.1,26.8
4001,120,Inactive,40.6,0.1,24
4001,121,Inactive,40.6,0.1,24.2
4001,122,Inactive,40.6,0.1,24.4
4001,123,Inactive,40.6,0.1,24.6
4001,124,Inactive,40.6,0.1,24.8
4001,125,Inactive,40.6,0.1,25
4001,126,Inactive,40.6,0.1,25.2
4001,127,Inactive,40.6,0.1,25.4
4001,128,Inactive,40.6,0.1,25.6
4001,129,Inactive,40.6,0.1,25.8
4001,130,Inactive,40.6,0.1,26
4001,131,Inactive,40.6,0.1,26.2
4001,132,Inactive,40.6,0.1,26.4
4001,133,Inactive,40.6,0.1,26.6
4001,134,Inactive,40.6,0.1,26.8
4001,135,Inactive,40.8,0.1,24
4001,136,Inactive,40.8,0.1,24.2
4001,137,Inactive,40.8,0.1,24.4
4001,138,Inactive,40.8,0.1,24.6
4001,139,Inactive,40.8,0.1,24.8
4001,140,Inactive,40.8,0.1,25
4001,141,Inactive,40.8,0.1,25.2
4001,142,Inactive,40.8,0.1,25.4
4001,143,Inactive,40.8,0.1,25.6
4001,144,Inactive,40.8,0.1,25.8
4001,145,Inactive,40.8,0.1,26
4001,146,Inactive,40.8,0.1,26.2
4001,147,Inactive,40.8,0.1,26.4
4001,148,Inactive,40.8,0.1,26.6
4001,149,Inactive,40.8,0.1,26.8
4001,150,Inactive,41,0.1,24
4001,151,Inactive,41,0.1,24.2
4001,152,Inactive,41,0.1,24.4
4001,153,Inactive,41,0.1,24.6
4001,154,Inactive,41,0.1,24.8
4001,155,Inactive,41,0.1,25
4001,156,Inactive,41,0.1,25.2
4001,157,Inactive,41,0.1,25.4
4001,158,Inactive,41,0.1,25.6
4001,159,Inactive,41,0.1,25.8
4001,160,Inactive,41,0.1,26
4001,161,Inactive,41,0.1,26.2
4001,162,Inactive,41,0.1,26.4
4001,163,Inactive,41,0.1,26.6
4001,164,Inactive,41,0.1,26.8
4001,165,Inactive,41.2,0.1,24
4001,166,Inactive,41.2,0.1,24.2
4001,167,Inactive,41.2,0.1,24.4
4001,168,Inactive,41.2,0.1,24.6
4001,169,Inactive,41.2,0.1,24.8
4001,170,Inactive,41.2,0.1,25
4001,171,Inactive,41.2,0.1,25.2
4001,172,Inactive,41.2,0.1,25.4
4001,173,Inactive,41.2,0.1,25.6
4001,174,Inactive,41.2,0.1,25.8
4001,175,Inactive,41.2,0.1,26
4001,176,Inactive,41.2,0.1,26.2
4001,177,Inactive,41.2,0.1,26.4
4001,178,Inactive,41.2,0.1,26.6
4001,179,Inactive,41.2,0.1,26.8
4001,180,Inactive,41.4,0.1,24
4001,181,Inactive,41.4,0.1,24.2
4001,182,Inactive,41.4,0.1,24.4
4001,183,Inactive,41.4,0.1,24.6
4001,184,Inactive,41.4,0.1,24.8
4001,185,Inactive,41.4,0.1,25
4001,186,Inactive,41.4,0.1,25.2
4001,187,Inactive,41.4,0.1,25.4
4001,188,Inactive,41.4,0.1,25.6
4001,189,Inactive,41.4,0.1,25.8
4001,190,Inactive,41.4,0.1,26
4001,191,Inactive,41.4,0.1,26.2
4001,192,Inactive,41.4,0.1,26.4
4001,193,Inactive,41.4,0.1,26.6
4001,194,Inactive,41.4,0.1,26.8
4001,195,Inactive,41.6,0.1,24
4001,196,Inactive,41.6,0.1,24.2
4001,197,Inactive,41.6,0.1,24.4
4001,198,Inactive,41.6,0.1,24.6
4001,199,Inactive,41.6,0.1,24.8
